# No provincegroup other than those set by provsize.py should exist below port_group
# If you want to add something new, make sure it's placed above port_group and not below

suvarnabhumi_group = {
	3195 3903 2429 584 2428 580 3905 3904 2427 2425 
	352 3216 3217 585 3214 579 2823 2426 586 3215 582 
	581 2739 3197 583 3906 587 588 2424 2728 2727 2822 
	4046 590 3218 4043 3231 2829 3232 3934 611 3233 
	614 2320 2729 2730 615 3235 3234 2731 2325 600 602 
	2421 2825 2821 3909 2321 601 2422 3908 2670 3224 
	2324 2323 3907 2423 589 3220 2322 3219 4050 2420 
	3223 2668 603 2306 2820 3930 3221 4049 591 3222 
	593 592 2738 606 3229 2317 2318 3230 2397 607 2734 
	3313 3228 3227 2819 609 3226 2733 2826 608 2417 
	3931 3932 2827 604 3933 605 4047 407 597 3910 596 
	3239 2830 2101 2097 3913 617 2093 3912 3911 618 
	3915 2094 2095 3916 621 3919 620 3921 659 622 623 
	3918 2096 619 3914 2102 2103 3920 2100 3917 2099 
	3940 2098 
}

amazonia_group = {
	2076 2079 2081 2084 2077 2080 2087 748 3491 2752 
	1484 742 749 3490 3489 3488 751 3487 
}

pontus_group = {
	316 328 330 1298 1299 1326 1344 1437 1447 2274 
	2573 2574 3396 3795 3877 3881 
}

roman_asia_group = {
	317 318 1325 1438 1439 1446 5516 5517 2552 3386 3387 3388
	3389 3390 
}


ostsiedlung_group = {
	40 41 42 4024 ## Eastern Prussia ##
	43 1391 1844 2355 2398 2845 4025 ## Western Prussia ##
	4003 4002 2561 ## Lower Silesia ##
	4001 1359 2633 2831 ## Middle Silesia ##
	1278 4000 3999 269 ## Upper Silesia ##
	60 3742 2620 ## Lusatia ##
	266 3748 2619 1277 ## Erzgebirge ##
	84 ## Holomúcko (Südetendland - Moravia ) ##
	3817 2843 47 ## Vorpommern ##
	2844 2847 2849 2850 48 ## Hinterpommern ##
	50 4015 72 3821 3745 2621 ## Mittelmark ##
	2835 264 ## Neumark ##
	#39 1264 1432 ## Kurland (Curonia) ##
	#38 ## Riga ##
	#36 ## Revel ##
	#1263 ## Dorpat ##
	#1265 1280 3397 ## Samogitia ##
	#272 296 3398 3764 ## Lithuania ##
	254 2401 2814 2834 3756 ## Posen(Wielkopolska) ##
	#2815 257 4026 2506 ## North Mazovia ##
	#3763 ## Bielsk (Podlasie ) ##
	128 2384 ## Koroska Stajerska (Austria ) ##
	267 3751 ## south bohemia ##
}

steppes_group = {
	286 287 303 1073 1076 1080 1081 1082 1083 1287 1293 
	1296 1297 1298 1299 1302 1303 1304 1306 1307 1308 
	1309 1310 1311 1312 2437 4016 2438 2439 2443 2444 
	2656 3286 3287 3310 3796
}

chinese_coast_group = {
	673 674 3939 675 676 677 678 679 680 692 694 696 697
	699 705 706 707 708 711 1041 1046 1053 1068 1089 2117 
	2121 2125 2141 2145 2147 2249 2272 4036 2486 2490 2492 
	2607 
}

indian_coast_group = {
	503 507 515 529 531 532 533 534 535 536 537 542 553 
	560 561 563 568 572 573 2245 2336 2337 2568 2569 2570 
	2627 2628 2629 2630 2672 2673 2710 2711 2712 2713 3124 
	3144 3145 3150 3151 3156 3157 3158 3159 3174 3175 3182 
	3190 3238
}

the_spanish_main_group = {
	741 743 744 827 829 831 835 836 838 842 845 846 848 853 
	858 892 926 927 929 931 1418 1456 1473 1474 1481 1709 
	1710 2165 2174 2411 2414 2416 2598 2643 2644 2647 2648 
	3499 3500 3501 3503 3504 3505 3507 3513 3514 3515 3520 
	3539 3552 3597 3598 3696 4040 4041 
}

small_island_group = {
	9 369 1250 1251 1417 1514 142 164 320 1435 3875 5522 5522 1436 2572 
	2358 420 421 574 1012 1013 1014 1021 1100 1101 1248 2276 
	2302 2525 2738 506 513 1097 1230 1231 1232 1233 1235 1239 
	1241 1243 1244 1246 1341 2065 2527 2589 2608 2610 368 481 
	493 494 496 1098 2592 2520 2609 874 1530 2192 5515
}

eastasian_trade_group = {
	407 503 507 515 529 531 532 533 534 535 536 537 538 542 553 
	560 561 563 568 572 573 579 585 586 590 591 592 593 594 595 
	596 597 598 599 603 605 606 607 610 613 617 618 619 620 621 
	622 623 624 625 626 627 628 629 630 636 637 638 639 640 659 
	673 674 3939 675 676 677 678 679 680 692 694 711 738 1046 
	1053 1068 1089 2089 2090 2091 2092 2093 2094 2095 2096 2097 
	2104 2105 2106 2107 2108 2109 2110 2111 2117 2121 2141 2145 
	2147 2245 2272 2306 2317 2318 2336 2337 2394 2396 2397 2417 
	2418 2419 2420 2426 2486 2490 2568 2569 2570 2627 2628 2629 
	2630 2668 2672 2673 2696 2710 2711 2712 2713 2734 2735 2736 
	2737 2738 2822 2823 2824 2828 2830 3124 3144 3145 3150 3151 
	3156 3157 3158 3159 3174 3175 3182 3190 3191 3214 3215 3221 
	3222 3223 3236 3237 3238 3239 3910 3313 3339 3340 
}

african_islands_group = {
	366 368 367 1096 1098 1099 2520 2751 2997 1100 1102 1103 1138 
	3816 1185 1186 1187 1188 1226 1227 1228 1518 1519 1521 1527 
	1528 3893 3894 3895 3896 3897 3898 3899 3942 
}

spice_islands_group = {
	633 645 646 647 648 649 716 907 1042 2430 2431
}

gujarat_group = {
	516 3124 2714 3125 515 2710 3199 2711 2568 3238 2712 2713 503 
}

berar_group = {
	2244 3166 2684 3163
}

ahmadnagar_group = {
	2243 3164 3146 529 2680 3144 3165
}

bijapur_group = {
	1587 2569 3145 3150 3147 530 2678 544 2677 3152 3149 2679 3148 531 3151 3153 532
}

golconda_group = {
	3160 3162 3161 545 546 507 543 2627 3174 553 2628 2672 3155 547 2630 3175
}

bidar_group = {
	2681 2212
}

punjab_group = {
	3109 2113 3102 2226 3108 2556 2722 3104 3103 2112 2721 511 3111 564 3106 510
}

savanur_group = {
	2677 544 3153 3152 3151 3155
}

india_charter = {
	420 421 448 451 503 504 505 507 508 509 510 511 512 514 515 516 517 518 519 520 521 522 523 524
	525 526 527 528 529 530 531 532 533 534 535 536 537 538 539 540 541 542 543 544 545 546 547 548
	549 550 552 553 554 555 556 557 558 559 560 561 562 563 564 565 566 567 568 569 570 571 572 573
	574 575 576 577 578 580 1101 1248 1520 1587 1588 2112 2113 2114 2115 2116 2163 2210 2211 2212
	2226 2243 2244 2245 2336 2337 2554 2555 2556 2557 2558 2568 2569 2570 2584 2627 2628 2629 2630
	2631 2632 2672 2673 2674 2675 2676 2677 2678 2679 2680 2681 2682 2683 2684 2685 2686 2687 2688
	2689 2690 2691 2692 2693 2694 2695 2696 2697 2698 2699 2700 2701 2702 2703 2704 2705 2706 2707
	2708 2709 2710 2711 2712 2713 2714 2715 2716 2717 2718 2719 2720 2721 2722 2723 3098 3099 3100
	3101 3102 3103 3104 3105 3106 3107 3108 3109 3110 3111 3112 3113 3114 3115 3116 3117 3118 3119
	3120 3121 3122 3123 3124 3125 3126 3127 3128 3129 3130 3131 3132 3133 3134 3135 3136 3137 3138
	3139 3140 3141 3142 3143 3144 3145 3146 3147 3148 3149 3150 3151 3152 3153 3154 3155 3156 3157
	3158 3159 3160 3161 3162 3163 3164 3165 3166 3167 3168 3169 3170 3171 3172 3173 3174 3175 3176
	3177 3178 3179 3180 3181 3182 3183 3184 3185 3186 3187 3188 3189 3190 3191 3192 3193 3194 3195
	3196 3198 3199 3200 3201 3202 3203 3204 3205 3206 3238 3704 3834 4056 4078 4079
}

great_wall_group = {
	706 708 709 2162 2247 2251 2254 2257 2468
}

kingdom_of_hungary_group = {
	135 2846 2436 133 3769 153 1404 1859 1273 3789 1271 2275 1267 3772 1275 3770 3771 1270 1282 1406 3755 3754 
	1276 1272 3753 1274 3788 1405 162 3790 2375 158 2389 131 152 2390 1450 1403 2388
}

volcano_group = {
	124 370 371 495 497 498 499 500 506 513 650 653 654 658 773 777 782 783 784 787 
	793 795 797 804 806 809 811 812 813 816 819 820 823 826 834 835 836 839 840 841 
	844 847 849 850 851 852 854 856 859 862 864 865 866 868 871 872 874 878 972 
	975 978 979 1015 1016 1017 1018 1019 1020 1022 1023 1024 1025 1034 1035 1036 
	1106 1107 1230 1231 1232 1233 1235 1236 1237 1238 1239 1240 1241 1242 1243 1244 
	1246 1341 1466 1467 1468 1470 1471 1475 1491 1530 1711 1733 1734 1735 1824 2065 
	2066 2067 2068 2069 2070 2151 2184 2185 2186 2188 2189 2190 2191 2192 2193 2194 
	2200 2202 2203 2204 2205 2206 2207 2216 2217 2279 2280 2281 2282 2286 2287 2288 
	2289 2290 2292 2293 2294 2295 2296 2297 2299 2300 2302 2339 2340 2342 2343 2346 
	2349 2403 2405 2406 2407 2408 2409 2410 2531 2587 2588 2590 2594 2595 2599 2600 
	2277 2601 2604 2608 2610 2640 2641 2642 2645 3343 3344 3946 3948 3949 3950 3951 
	3955 3956 3968 3971 3972 3973 3974 
}

sismic_group = {
	68
	101 102 103 104 105 106 107 108 109 110 111 112 113 114 115 116 117 118
	119 120 121 122 123 124 125 126 127 129 130 131 136 137 138 139 140 142
	144 145 146 147 148 149 151 154 155 156 163 164 179 181 185 196 197
	200 201 202 203 204 205 210 211 212 213 214 220 221 222 223 224 225 226
	227 228
	316 317 318 319 320 321 322 323 324 325 326 327 328 329 330 331 332 333
	334 335 336 337 338 339 340 341 343 344 346 347 349 350 351 353 354 359
	364 370 371 377 378 379 382 387 390 392
	405 407 410 411 412 413 414 416 417 418 419 420 422 423 426 432 433 436
	444 445 446 447 448 449 450 451 452 453 454 455 457 458 460 463 476 482
	483 484 485 486 487 488 489 490 491 492 493 494 495 496 497 498 499
	500 501 502 505 506 508 509 510 511 513 521 522 523 551 554 557 562 564
	565 566 571 574 575 576 577 578 591 592 593 594 595 596 597 598 599
	617 618 619 620 621 622 623 624 625 626 627 628 629 630 631 632 633 634
	635 636 637 638 639 640 641 642 643 644 645 646 647 648 649 650 651 652
	653 654 655 656 657 658 659 666 673 674 3939 675 676 677 678 679 680 681 692
	693 694 695 696 697 698 699
	705 706 707 708 710 711 714 716 729 738
	739 773 777 782 783 784 787 792 793 795 796 797 798 799
	804 805 806 807 808 809 810 811 812 813 814 815 816 817 818 819 820 822
	823 824 826 827 829 831 832 834 835 836 837 838 839 840 841 842 843 844
	845 846 847 848 849 850 851 852 854 855 856 857 859 860 861 862 864 865
	866 867 868 869 870 871 872 873 874 875 876 877 878 879 880 881 882 883
	907 972 975 976 978 979
	1012 1013 1014 1015 1016 1017 1018 1019 1020 1021 1022 1023 1024 1025 1026
	1027 1028 1029 1030 1031 1032 1033 1034 1035 1036 1037 1038 1039 1040 1041
	1042 1044 1046 1047 1049 1050 1053 1068 1084 1085 1087 1089 1090 1091 1092
	1093 1094 1097 1098
	1106 1107 1108 1109 1150 1151 1153 1179 1192 1193 1197
	1202 1203 1205 1206 1207 1230 1231 1232 1233 1234 1235 1236 1237 1238 1239
	1240 1241 1242 1243 1244 1245 1246 1247 1249 1268 1284 1285 3870
	1300 1301 1313 1314 1315 1316 1317 1318 1319 1320 1321 1322 1323 1324 1325
	1326 1327 1328 1329 1331 1333 1334 1337 1340 1341 1345 2372 1346 3866 1347 1348
	1355 1375 1376 1377 1378 3867 1379 1380 3868 1382 1383 1385 1390 1392 1396 1397 1399
	1401 1402 1403 1407 1408 1413 1414 1415 1420 1424 5528 1425 1426 1434 1435 3875 5522 5515 1436 5523 5524
	1437 1438 1439 1440 1441 1442 1443 1444 1445 1446 5516 5517 1447 1449 1466 1467 1468
	1469 1470 1471 1472 1473 1474 1475 1477 1491
	1512 3860 1513 1515 1522 1530 1532 1533 1534 1535 1536 1537 1538 1539 1540 1567
	1568 1569 1570 1574 1575 1576 1577 1578 1579 1585 1591 5526 5525
	1642
	1709 1710 1711 1733 1734 1735 1755 1767
	1821 1822 1824 1845 1858
	2065 2066 2067 2068 2069 2070 2088 2089 2090 2091 2092 2093 2094 2095 2096
	2097 2098 2099
	2100 2101 2102 2103 2104 2105 2106 2107 2108 2109 2110 2111 2112 2113 2114
	2115 2116 2117 2118 2119 2120 2121 2122 2123 2124 2125 2128 2129 2131 2132
	2133 2134 2135 2136 2137 2138 2139 2141 2142 2145 2147 2150 2151 2162 2163
	2165 2166 2170 2184 2185 2186 2188 2189 2190 2191 2192 2193 2194
	2200 2201 2202 2203 2204 2205 2206 2207 2208 2209 2213 2214 2215 2216 2217
	2219 2220 2224 2225 2226 2227 2230 2231 2237 2238 2241 2242 2248
	2255 2256 2257 2258 2259 2260 2261 2262 2263 2264 2268 2269 2272 2277
	2278 2279 2280 2281 2282 2283 2284 2285 2286 2287 2288 2289 2290 2291 2292
	2293 2294 2295 2296 2297 2298 2299
	2300 2301 2302 2303 2304 2305 2310 2311 2314 2315 2335 2338 2339 2340
	2341 2342 2343 2344 2345 2346 2347 2348 2349 2350 2351 2357 2358 2361 2368
	2369 2371 2373 2374 2384 2387 5519 2388 2389 2392
	2402 2403 2404 2405 2406 2407 2408 2409 2410 2411 2412 2413 2414 2415 2416
	2420 2430 2431 2432 2433 2434 2435 2452 2453 2463 2464 2484 2486 2488 2490
	2492 2493 2494
	2501 2514 2520 2525 2527 2528 2530 2531 2532 2533 2534 2540 2541 2542 2550
	2551 2552 2553 2556 2559 2562 2563 2564 2565 2567 2571 2572 2574 2575 2576
	2577 2581 2584 2585 2586 2587 2588 2589 2590 2591 2592 2593 2594 2595 2596
	2597 2598 2599 2600 2601 2602 2603 2604 2606 2607 2608 2610 2611 2624 2625
	2634 3887 2635 2636 2640 2641 2642 2643 2644 2645 2646 2647 2648 2654 2655 2662
	2663 2664 2691 2692
	2700 2701 2716 2717 2718 2719 2720 2721 2722 2724 2726 2735 2736 2737 2738
	2740 2741 2742 2743 2744 2745 2746 2748 2749 2750 2796 2797
	2824 2828 2830 2851 2852 2853 2854 2855
	2856 2857 2858 2859 2860 2861 2862 2863 2864 2865 2866 2867 2868 2869 2896
	2933 2940 2941 2942 2943 2944 2962 2971 2972
	3006 3007 3008 3011 3012 3013 3014 3015 3017 3018 3019 3020 3040 3041 3042
	3043 3045 3066 3067 3078 3079 3080 3081 3082 3083 3084 3087 3088 3089 3090
	3091 3092 3093 3094 3095 3096 3097 3098 3099
	3100 3101 3102 3103 3104 3105 3106 3107 3108 3109 3110 3111 3112 3113 3114
	3193 3198
	3205 3206 3207 3208 3209 3210 3211 3213 3222 3236 3237 3239 3910  3240
	3247 3248 3249 3250 3275 3280 3282 3288 3289 3290 3291
	3292 3293 3294
	3300 3848 3301 3302 3315 3339 3340 3341 3342 3343 3344 3345 3357 3358 3359 3366
	3367 3368 3371 3377 3381 3382 3383 3384 3385 3386 3387 3388 3389 3390 3391
	3392 3393 3394 3395 3396
	3402 3403 3404 3405 3406 3407 3408 3409 3410 3411 3412 3413 3414 3415 3416
	3417 3418 3419 3420 3421 3422 3423 3424 3425 3426 3427 3428 3429 3430 3431
	3432 3433 3434 3435 3436 3437 3438 3439 3440 3441 3442 3443 3444 3445
	3500 3501 3503 3504 3505 3506 3507 3508 3509 3510 3511 3512 3513 3514 3515
	3516 3517 3518 3519 3520 3521 3522 3523 3524 3525 3526 3527 3528 3529 3530
	3531 3532 3533 3534 3535 3536 3537 3538 3540 3541 3542 3543 3544 3546 3697 
	3698 3699 3700 3701 3702 3703 3878 3879 3882 3883 
	3670 3671 3672 3673 3676 3677 3679 3680 3681 3682 3683 3684 3685 3686 3687
	3688 3689 3690 3943 3944 3945 3946 3947 3948 3949 3950 3951 3952 3953 3954 
	3955 3956 3957 3958 3959 3960 3961 3962 3963 3964 3965 3966 3967 3968 3969 
	3970 3971 3972 3973 3974 5516
}

theme_system_group = {
	1402 2552 317 238 1446 316 1447 1437 1441 1439 327 329 1440 1443 1438 
	318 319 1442 324 326 323 331 330 2574 2540 1333 1326 325 2542 163 164 
	2553 1325 1435 322 328 2664 2572 320 321 2750 2749 2541 332 378 377 
	1334 2635 364 2634 379 1755 3875 4059 4060 4061 4062 4063 4064 4065 
	4066 3388 3386 4067 3390 3881 3387 3389 3391 3878 3883 3392 3879 3882 
	3393 3884 3396 3803 3802 3395 2551 3093 1444 3394 418 4028 4029 151 
	3876 2501 2380 3782 159 2381 1427 3781 150 1848 3780 1591 157 3776 2382 
	1426 3779 155 2387 147 2124 2137 148 1401 3871 149 3385 3872 146 1434 
	154 1399 1436 3874 1425 3873 145 3384 3383 2655 2224 3885 3091 1319 
	3886 1327 1328 4058 382 4057 2636 1331 2575 875
}

aquitaine_group = {
	176 1381 175 3372 174 194 179 3371 1323 3373 173 2234 180 
}

manchurian_steppe_group = {
	713 2248 2266 3258 3259 3262 4038
}

jianzhou_group = {
	2800 3243 2328 3242 3241 3686 732 730 1822
}

haixi_group = {
	4031 731 725 3258 726
}

khalka_group = {
	719 3266 3267 1061 3271 3273
}

tumed_group = {
	2268 4039 1057 3268 2267 722 3275 2253
}

chakhar_group = {
	3265 3264 720 3262 2266 4038 2248 3240 713 2265 3263
}

silesia_group = {
	2561 2633 1359 4001		# lower
	269 1278 3999 4000		# upper
}

antioch_patriarch_area = {
	332 377 2655 3886 1327 2224 3091
}
alexandria_patriarch_area = {
	362 358 363 4092 361 1338 2498 2543 4093 2499 
}
constantinople_patriarch_area = {
	2501 3876 5518 151 1402 2238 
}
rome_patriarch_area = {
	3869 2530 118 3699 1379 3701
}
jerusalem_patriarch_area = {
	2635 2636 364 2634 379 1331 2575 
}
ctesiphon_patriarch_area = {
	1322 410 2230 3900 3089 1319 393 3902 398 392 3826 1320 3088 2654 411 3885	1329 3087 3901 3085 3084 415 3086 1330 
}

# DO NOT CROSS

portgroup = {
	3637 3633 3632 996 980 981 965 952 938 3598 926 1540 3597 921 858 2643 1709 3513 842 838 
	3505 488 487 484 3503 3499 490 743 497 827 485 489 745 3492 748 3486 1485 3466 3476 764 
	767 3454 779 1488 782 2070 787 2342 3431 3414 806 3404 823 2604 839 1711 2640 866 1466 878 
	3677 1084 810 2139 1085 367 481 754 2520 1095 1098 535 573 2337 421 1248 1101 3896 171 368 
	650 1034 1249 1106 2192 3672 1530 1240 2065 2527 513 2608 1244 2613 4012 4013 506 4014 2514 1087 
	3997 9 274 25 1264 18 2844 1256 4209 3994 1266 20 100 90 3859 1410 1411 2962 1421 245 
	248 2512 3335 374 3998 3331 375 232 231 2310 1407 335 221 2358 3377 3868 3799 2241 338 2863 
	2242 125 2662 2868 1413 3702 122 144 3870 1425 355 1526 4092 3887 1334 163 4065 3387 316 3877 
	286 330 233 1211 1571 1202 388 3074 401 467 394 2716 529 3145 532 5292 2629 5305 5324 579 
	4043 3222 407 619 3918 621 2107 626 634 635 632 3927 642 2106 3921 597 2092 599 2735 605 
	607 2419 674 2305 5412 5392 5378 1020 732 1049 1044 1040 1107 1039 2301 2744 2296 2300 3965 1018 
	2282 1012 2217 2216 658 653 651 2432 777 2434 2586 1230 3345 2588 2589 3344 1234 2134 2131 1092 
	2129 5466 1239 2590 1231 1235 2302 1035 1086 817 3037 2998 1564 1228 1226 1100 3898 1103 3893 2982 
	1166 1163 5231 1506 2975 2775 2769 2875 1125 1123 1120 1114 4122 1585 1251 370 15 371 1104 991 
	3655 3383 3391 1015 3972 1022 3949 3953 2194 979 2190 2188 869 2205 2349 3449 772 3470 5230 1096 
	345 998 1005 278 1844 39 1187 3034 474 1208 400 2093 678 680 737 2492 1036 2213 3928 2587 
	646 1642 1236 1093 1109 1242 1097 1241 1099 3044 380 1332 2329 89 87 
}

regiongroup = {
	89 201 172 3861 1386 2365 96 91 3368 3363 209 208 230 108 1390 115 2562 125 2386 242 
	250 3328 9 3720 22 19 3750 110 1448 44 3743 2835 973 3378 1361 2387 5519 135 1282 1392 140 
	150 3785 292 295 308 37 254 43 262 261 275 305 1296 332 1322 3825 387 3843 1437 318 
	3392 3639 3076 389 1210 2937 1547 4075 2861 2528 1497 2897 1525 1130 1111 2885 1502 2964 2876 3316 
	2649 3059 3021 3890 2995 1150 1518 1155 1144 1136 1158 3312 458 1072 2158 720 3267 3256 727 2748 
	2273 2170 664 662 2078 678 686 2478 1053 692 691 689 5385 706 2247 1028 2284 2299 730 557 
	562 3187 2693 3114 524 555 504 3104 508 2688 2718 515 2554 526 548 530 2680 545 531 544 
	3159 582 2823 421 2101 652 2106 638 627 777 1108 1241 613 2829 2734 600 4050 595 1084 770 
	782 784 829 3496 3433 998 956 1458 961 928 3558 868 873 1663 1517 971 3520 842 484 
}

srgroup = {
	5252 5253 5254 5255 5256 5257 5258 5259 5260 5261 5511 5262 5512 5513 5514 5263 5264 5265 5266 5267 
	5268 5269 5270 5271 5272 5273 5274 5275 5276 5277 5278 5279 5280 5281 5282 5283 
}

contgroup = {
	5252 5253 5254 5255 5256 5257 5258 5259 5260 5261 5262 
}

region_1 = {
	88 63 2307 2353 3375 167 2356 183 1335 1387 4186 195 2362 391 184 
}
region_2 = {
	3377 3860 1512 202 2335 1382 204 205 976 2332 203 2385 
}
region_3 = {
	2239 173 194 176 1381 175 3372 174 179 3371 1385 1375 
}
region_4 = {
	2361 200 1383 3862 196 3373 1323 190 199 1384 357 
}
region_5 = {
	2240 168 3374 2330 169 4008 2329 170 171 1388 178 2234 180 177 
}
region_6 = {
	192 2366 193 191 4228 187 188 189 2812 3376 2354 186 2331 
}
region_7 = {
	2370 97 98 99 1372 51 2449 4004 1371 2450 100 3863 
}
region_8 = {
	2364 93 2795 1511 87 90 2363 2360 92 2367 95 2451 
}
region_9 = {
	211 3369 214 2473 1408 1420 2369 197 212 2368 213 181 1284 220 2565 3366 1845 3367 333 2358 

}
region_10 = {
	3361 221 2371 222 3359 223 226 2314 1407 3357 2311 224 2310 3358 225 3360 227 
}
region_11 = {
	198 3354 215 1409 3370 210 2514 2550 1421 2566 3864 2313 2567 217 219 3362 3365 3364 2312 
}
region_12 = {
	3353 216 207 3352 2454 3351 143 206 3350 3865 182 2448 3356 218 3355 
}
region_13 = {
	232 3349 1422 1508 231 2308 3347 229 3348 1423 2309 3346 228 367 368 2751 366 
}
region_14 = {
	111 1858 107 112 1348 3382 106 1378 113 114 3867 2453 3702 105 1414 3700 
}
region_15 = {
	104 1347 3381 2624 1376 103 1377 3703 68 102 1513 101 2564 109 2372 1345 1346 3866 
}
region_16 = {
	116 2563 1380 117 3698 1415 3697 3868 1247 2851 2852 127 2241 2242 3869 2530 118 3699 1379 3701 

}
region_17 = {
	2531 121 2532 2858 119 2857 122 2533 2856 3870 1285 120 123 2534 
}
region_18 = {
	2357 2853 2854 124 126 1413 2855 
}
region_19 = {
	3859 399 1283 237 235 236 1410 234 3325 233 1411 3326 239 243 3324 247 240 
}
region_20 = {
	1412 241 3323 427 244 409 1514 246 238 245 
}
region_21 = {
	251 248 249 3005 3337 1416 252 2512 253 3336 369 1417 3338 3719 
}
region_22 = {
	3329 374 373 2529 3330 375 3331 376 3333 372 3334 3335 3332 3327 
}
region_23 = {
	1 1258 1259 5 891 11 1260 4 1257 3 2 8 7 25 
}
region_24 = {
	15 67 13 3721 2754 14 1428 2755 12 26 6 18 2515 
}
region_25 = {
	1266 1255 10 21 17 16 1256 20 23 24 3998 1250 1251 371 370 1104 
}
region_26 = {
	30 27 28 32 29 31 1261 3997 2327 1262 315 35 33 
}
region_27 = {
	268 267 3748 1277 266 3749 270 2831 3752 84 265 3751 2561 2633 1359 4001 269 1278 3999 4000 

}
region_28 = {
	2625 73 3322 62 134 1510 83 3746 2384 132 2383 128 76 3747 129 130 2452 4034 1355 
}
region_29 = {
	165 2359 1254 166 2611 185 1374 1389 2334 
}
region_30 = {
	45 977 1252 1353 3722 53 3729 61 49 3727 3728 2618 66 1350 52 3738 3744 1373 46 3819 
	3818 57 3820 54 1352 1357 55 1364 
}
region_31 = {
	59 3850 2617 3851 3852 3741 2813 3854 3737 71 3822 3815 3735 3380 3814 3855 3853 3739 3740 2619 

}
region_32 = {
	50 3745 4015 2621 3817 2843 47 3821 72 2844 2847 2849 2850 48 264 2620 3742 60 4002 4003 

}
region_33 = {
	56 3724 3725 3726 86 3813 1369 2637 2187 2159 2623 1368 85 1253 4009 79 3730 3731 3812 2757 

}
region_34 = {
	1349 74 69 3654 3723 1367 2756 1362 1363 78 1370 94 75 4005 4006 1356 4007 1366 58 3733 
	1365 3732 2616 
}
region_35 = {
	3856 64 3858 1006 1351 4011 3857 65 1509 3736 70 81 974 1360 4010 3734 1358 80 77 82 
	2614 3379 2615 2622 
}
region_36 = {
	1401 148 2137 2124 3871 155 142 154 1399 1436 5523 5524 146 3872 3385 149 147 1434 1425 3873 145 3383 
	3384 3874 163 2749 164 320 2572 1435 3875 5522 5515 
}
region_37 = {
	2436 133 3769 153 2846 1404 1859 1273 3789 1271 2275 1267 3772 1275 3770 3771 1270 
}
region_38 = {
	1406 3755 3754 1276 1272 3753 1274 3788 1405 162 3790 2375 158 
}
region_39 = {
	2392 139 2391 1268 1767 2389 131 152 2390 1450 1403 2571 2388 136 137 138 
}
region_40 = {
	1396 2237 3777 1397 3775 3774 3776 141 2612 3773 156 1424 5528 2374 2373 3778 805 144 
}
region_41 = {
	1848 3780 1427 3781 2382 1426 3779 1591 5526 5525 157 5527 2381 159 3782 2380 2501 3876 5518 151 1402 2238 
}
region_42 = {
	3786 3783 3784 2378 2376 3787 1398 2377 161 2379 3791 1269 3793 2236 5521 160 1400 2626 
}
region_43 = {
	309 3401 3982 4017 274 3980 310 3981 34 291 312 3992 3994 278 279 288 314 4023 
}
region_44 = {
	1217 2582 3985 3986 3988 3991 293 1289 2583 3993 301 304 306 1286 298 313 1194 1305 294 2546 
	3984 3983 
}
region_45 = {
	1288 2580 3989 290 1291 1865 2440 1294 1295 1343 2547 2548 307 1290 1292 3987 3990 
}
region_46 = {
	273 1263 1430 3399 3765 36 3400 3766 3767 3768 38 39 1264 1432 1354 
}
region_47 = {
	2401 2834 3756 2814 255 2815 2398 263 1531 2399 2400 
}
region_48 = {
	1391 1844 2355 2845 4025 40 41 42 4024 
}
region_49 = {
	2536 2832 3757 259 1279 2833 256 257 2816 3758 4026 271 3759 3763 2506 
}
region_50 = {
	276 280 2848 289 299 381 311 2840 258 260 1281 2507 2535 3760 3792 1429 1433 2537 2838 3761 

}
region_51 = {
	297 1393 2841 2842 2836 2837 2839 3764 272 296 3398 1265 1280 3397 283 1394 1395 3762 
}
region_52 = {
	2545 1287 4110 282 3794 1299 1344 2274 2573 3877 285 300 4018 4021 284 1431 4019 286 287 302 1298 

}
region_53 = {
	1297 4020 4111 1307 1311 2438 4112 1308 2437 2439 4016 303 1293 1304 1309 1310 1083 3287 2443 2444 
	4113 
}
region_54 = {
	377 2655 3886 1327 2224 3091 875 4058 1328 378 1334 382 4057 2635 2636 364 2634 379 1331 2575 

}
region_55 = {
	410 2230 3900 3089 1319 3901 3085 3084 415 3086 1330 393 3902 398 392 3826 1320 3088 2654 411 
	3885 1329 3087 
}
region_56 = {
	412 2219 2559 2724 413 2470 2726 3080 2228 3081 3829 3827 3828 429 3836 390 2725 430 2227 1315 
	1314 3078 1313 3083 3823 3090 1318 1321 416 463 1445 3079 2225 3082 414 
}
region_57 = {
	3281 445 3849 3838 447 3833 551 3099 4030 432 3092 3839 446 3840 4234 433 2220 417 3824 426 
	405 386 435 464 3831 3832 468 2229 3830 2235 431 
}
region_58 = {
	2231 450 453 3657 451 578 3842 449 452 3097 3094 3095 3294 576 575 434 437 3100 448 577 
	2715 3834 
}
region_59 = {
	1447 2541 328 316 3878 323 2553 1446 5517 5516 3388 2552 2664 3883 1441 3882 330 3396 3881 1326 2574 
}
region_60 = {
	4066 5520 4067 317 3386 3387 3390 1438 4065 1325 319 3389 4060 325 3391 4064 1439 3879 2540 329 331 
	2542 4061 324 4062 326 322 4063 
}
region_61 = {
	4059 327 1755 321 2750 3884 1442 3803 3395 3802 4028 1444 3394 418 4029 3093 2551 1333 3393 1443 
	1440 2577 3806 1316 3807 3809 2581 4027 3804 419 3805 
}
region_62 = {
	1303 2578 1009 995 3796 1302 4114 999 3795 422 423 2576 3797 3808 3801 1449 3800 1301 3810 1317 
	3811 424 425 2579 2656 3799 1300 2549 3798 
}
region_63 = {
	3077 385 384 380 2665 1332 469 2808 2809 2807 2652 3072 2811 2651 3071 2810 470 397 396 394 
	395 467 3070 2539 3069 466 2538 400 3068 403 
}
region_64 = {
	465 402 3074 401 1099 404 3075 2653 388 4097 4098 5242 428 474 383 3073 473 4095 4096 
}
region_65 = {
	2497 1212 2661 362 358 363 4092 3887 359 3004 1211 1208 361 1338 2498 2543 4093 2499 1213 360 
	1214 4094 3003 1526 356 1339 
}
region_66 = {
	2938 2939 1524 1148 2657 1543 2928 2316 2929 1559 2920 2949 1147 2915 2931 1545 2930 2771 2936 1523 
	2658 2659 
}
region_67 = {
	2504 1115 1116 4115 2870 345 342 1500 4116 4122 4117 346 349 1535 1548 1340 1585 2896 2943 
}
region_68 = {
	347 4072 344 4074 343 336 2972 2941 335 1534 4069 4070 4071 2944 2940 2869 1532 4073 2962 2942 
	334 1533 2971 
}
region_69 = {
	340 1515 339 2864 2863 350 338 2933 1522 2866 2865 337 1516 2934 2935 2932 
}
region_70 = {
	2663 2999 4068 2315 2867 2868 353 2862 341 351 2860 355 2662 354 2859 
}
region_71 = {
	2922 1116 2923 2918 1117 2917 1544 2919 1118 2913 2907 2959 2908 2903 
}
region_72 = {
	2898 2900 2958 2914 2957 2763 2764 1541 1501 2955 2965 2774 348 2916 2772 
}
region_73 = {
	2766 2910 1498 1124 2909 2906 2966 2765 2899 1121 1120 2768 2873 1113 1119 
}
region_74 = {
	1495 2902 1105 2956 1229 1127 2762 2759 2760 
}
region_75 = {
	2886 2778 1496 2888 1128 2877 2890 2891 1129 2781 2960 2780 2961 2963 
}
region_76 = {
	2889 1134 1131 1550 2786 2787 2887 2788 1552 1561 2880 2884 2790 2776 1549 2779 2769 
}
region_77 = {
	2789 1557 1556 2927 1137 2926 2925 1554 1553 1546 1551 2794 2895 1122 2921 1135 1555 2924 1132 
}
region_78 = {
	2905 2904 1542 1096 1110 2871 2882 2767 2893 2770 2883 2773 2872 1112 1114 1499 2218 
}
region_79 = {
	2874 2875 2878 2758 2911 1126 1503 2912 1123 1125 2892 2894 
}
region_80 = {
	3317 1219 3318 1215 3319 3320 2947 2946 1221 2777 1222 1149 1220 1224 2945 1225 1133 1223 1560 1563 
	2948 2950 
}
region_81 = {
	3028 3888 2666 2544 2503 2660 2952 2951 3009 1216 1573 1572 1209 2792 2496 3030 3001 3029 3031 2953 
	2500 1218 1182 3007 3045 3692 3002 
}
region_82 = {
	3057 3058 3056 3061 3047 3048 3049 1201 3044 3060 3052 3051 1203 3062 3039 3053 1200 3050 3036 3037 
	3038 3054 3055 1198 1566 3032 3033 1199 3034 3035 
}
region_83 = {
	3063 1576 3041 1575 3042 3040 1574 3046 3006 3015 3018 1202 3066 1205 3067 3020 3064 1567 3008 1568 
	1207 1206 3017 3019 3013 3014 
}
region_84 = {
	3693 1570 3891 3043 3024 3022 2650 1571 3023 3025 3026 3889 1569 3010 3016 3065 3694 3892 3012 3011 
	1577 
}
region_85 = {
	1195 3000 2996 2997 2998 1191 1187 1188 1565 2352 1151 2994 1181 1185 1564 1190 1186 1180 2985 1177 
	2984 2987 1176 2983 
}
region_86 = {
	1579 1193 2991 2990 2969 1192 2993 1174 1183 1178 4242 2988 2989 4282 4243 4244 4245 4283 1492 1189 
	1507 1578 4246 4247 4248 1586 4241 2970 2968 2992 
}
region_87 = {
	1528 3899 1527 3942 1226 3893 1228 1521 3895 3894 1519 1227 3898 3897 3896 1100 1101 1102 1103 
}
region_88 = {
	2974 2975 5219 1505 1140 1562 2973 5218 1506 2981 2879 5222 5223 1139 1141 1504 2775 5220 1138 3816 
	2520 1098 2609 1095 
}
region_89 = {
	1154 2978 1156 2967 1146 2977 2976 1145 1142 1157 1159 2979 2980 4272 1558 4271 4269 4268 4267 4270 

}
region_90 = {
	4259 4260 4262 4261 4258 4266 1153 4265 4264 4263 4253 4249 4251 4250 4252 4256 1184 4254 4255 4257 
	4273 4274 4275 4276 4277 4278 4279 4280 1204 1196 
}
region_91 = {
	1583 1162 5229 5230 1169 1168 1581 1165 1164 5221 5227 5228 1163 2881 1161 1582 5231 1167 1173 1584 
	1171 1160 1580 1166 2982 1170 2986 1175 
}
region_92 = {
	1081 1073 3310 479 477 459 3306 3299 3285 471 2221 3296 3298 472 475 2442 1076 480 3308 1071 
	3276 3277 
}
region_93 = {
	3292 3300 476 3848 3301 3297 2232 3847 3311 454 3293 436 457 3280 3844 444 3288 3289 3290 3291 
	441 439 462 4232 3841 3284 3286 440 442 455 456 3278 3279 
}
region_94 = {
	1529 4208 4209 1067 1069 2153 4199 1064 1065 281 1306 1082 4205 4206 1080 1075 4202 4203 4204 1078 
	1066 1070 1077 1079 2446 4201 
}
region_95 = {
	2157 1051 1055 4194 4195 1038 1039 1040 1044 1034 1035 1036 1037 1074 2152 2155 2154 2445 4200 
}
region_96 = {
	3263 2265 713 3262 3240 2248 4038 2266 3275 722 3268 2267 2253 2268 4039 3265 1057 
}
region_97 = {
	1061 719 3266 3270 3272 715 2271 2270 4198 3273 1059 3271 4196 4197 3269 1054 1056 721 2156 1062 
	1060 1063 
}
region_98 = {
	726 723 725 3243 3255 1058 3254 3253 1052 3241 3242 731 4031 3258 3261 3260 3257 3264 3259 
}
region_99 = {
	3252 3251 4033 1048 1050 1049 3249 1047 3250 3245 3244 728 3246 4032 729 3248 3247 
}
region_100 = {
	2261 2262 3207 2263 2258 2259 3209 2260 2463 666 2264 2122 2120 3208 
}
region_101 = {
	478 3213 2742 2743 3305 717 2118 2746 3210 3211 739 2740 2741 2745 460 461 3303 3302 
}
region_102 = {
	2256 5488 2251 2254 5491 5493 2252 5487 5489 5490 2119 2257 5492 5494 2162 
}
region_103 = {
	2510 2793 5446 665 2797 5449 5451 1337 2255 5450 5505 5506 685 1143 5447 5448 668 667 2085 1043 
	5444 5445 
}
region_104 = {
	1759 2753 5497 5498 660 661 2326 2083 5501 663 1758 5499 5500 
}
region_105 = {
	2082 5442 5443 672 710 1760 2086 671 2073 2117 
}
region_106 = {
	2486 5436 5437 711 2462 5438 5439 676 677 2121 5440 5441 673 674 675 2464 3939 
}
region_107 = {
	5455 5460 5461 670 683 5458 5459 669 2250 5456 5457 684 687 688 5462 5463 1172 5464 5465 5466 
	5467 5468 
}
region_108 = {
	5432 5433 5434 681 682 5429 5430 5431 2477 5426 5427 5428 712 2480 5424 5425 5435 
}
region_109 = {
	5418 5419 679 2488 5420 5421 5422 5423 680 2484 2490 2606 2304 2305 2303 
}
region_110 = {
	2142 5410 5411 2141 2272 5412 5413 693 5417 2493 5415 1046 1089 5416 2494 2145 5409 5414 
}
region_111 = {
	695 2144 5407 5408 690 2149 2613 5406 2607 5393 5394 5395 2125 2150 5396 5397 1068 5398 2147 3977 
	694 5399 5400 5401 
}
region_112 = {
	5402 5403 5404 5405 696 5390 5391 5392 702 2605 5471 5476 5473 5474 5475 2472 2485 701 5469 5470 
	5472 700 
}
region_113 = {
	5386 2491 2492 697 5378 5379 2148 5384 698 5387 5388 5389 1041 699 5380 5381 5382 5383 707 2249 
	4035 4037 4036 
}
region_114 = {
	5377 5376 708 5375 5373 709 5484 5372 705 704 5374 703 2560 5371 724 
}
region_115 = {
	5483 5482 2468 2476 2471 5478 5479 2467 2246 5480 5481 
}
region_116 = {
	3963 3965 3962 1031 1033 1026 1029 3966 3967 1027 3964 1030 1018 1020 2278 3970 3971 1021 1015 1016 
	1017 3972 1023 1022 3968 1024 1012 1013 1014 
}
region_117 = {
	2285 2286 3952 3953 3954 2287 2435 3956 2282 3957 3959 3973 2280 2283 2796 3958 1032 3969 2279 3960 
	3961 2281 
}
region_118 = {
	2300 1025 1019 2301 2302 2744 2296 2297 3945 2295 2298 3943 3944 2292 2293 3946 2294 3948 3949 3950 
	2288 3951 3955 2277 2290 2291 3947 2289 3974 
}
region_119 = {
	733 1822 2801 732 2328 2800 3686 2806 734 2802 735 2803 2233 736 889 2461 2805 737 877 2276 
	2804 
}
region_120 = {
	2692 4124 4125 554 2691 3198 3112 2701 523 
}
region_121 = {
	565 3205 3206 3194 2698 569 2699 566 570 571 3193 2694 2695 3186 
}
region_122 = {
	3188 5355 568 3192 3190 3191 2696 567 3189 5358 
}
region_123 = {
	3203 5356 1588 5346 5347 5348 5357 561 563 5244 5349 3183 3176 5325 3182 5326 
}
region_124 = {
	5330 521 522 510 3106 5328 511 564 3111 5329 2163 3115 3123 3126 2705 
}
region_125 = {
	3120 5316 5317 3131 5318 3133 3132 550 2702 3118 3119 520 2703 3117 3137 3138 
}
region_126 = {
	3128 5335 5334 2557 3130 5337 3135 2632 2210 5320 5341 3134 5336 3129 5338 5339 3127 5332 5333 2555 
	5331 
}
region_127 = {
	505 2716 5243 2584 2717 3101 3108 2556 3098 5327 
}
region_128 = {
	2722 3103 2113 3102 3109 2112 2721 5312 5313 
}
region_129 = {
	2114 3096 2700 3110 3113 3105 2115 2116 509 3107 2226 
}
region_130 = {
	3202 558 5344 3136 5340 5342 5343 3184 2689 3185 5354 2690 5352 5353 5345 
}
region_131 = {
	512 5310 5311 514 519 525 3122 518 2707 2708 2704 2631 2706 528 5314 5315 2719 2720 
}
region_132 = {
	3125 2709 2568 517 2723 3124 2714 516 2710 2711 3238 2712 3199 2713 503 
}
region_133 = {
	2684 3170 3167 556 2687 3171 2686 5319 2682 2558 2683 3172 3173 549 559 3179 3180 3181 
}
region_134 = {
	3116 3140 3142 2211 3141 3143 527 3168 2685 3139 3169 
}
region_135 = {
	3177 5321 552 3200 5322 560 3178 5324 3175 3204 5323 
}
region_136 = {
	1587 3148 3164 5307 5308 2244 3163 3166 2212 2678 3165 2681 
}
region_137 = {
	2243 3146 529 2569 3144 3145 4056 2679 3147 3149 
}
region_138 = {
	3160 3161 5303 546 3162 5306 507 2627 5304 2628 2672 2630 3174 553 5305 5309 
}
region_139 = {
	532 3150 3151 3152 533 534 2570 5296 5298 3157 535 5293 3156 
}
region_140 = {
	2677 3153 4079 543 547 3155 540 2676 3154 2675 5299 
}
region_141 = {
	542 2629 2245 537 2673 5300 538 3158 536 5294 541 4078 5301 5302 5295 5297 1520 539 2674 
}
region_142 = {
	581 2739 3197 3196 3195 3903 2429 584 2428 580 3217 3905 3904 2427 2425 352 3216 583 3906 587 
	588 2424 2728 2727 
}
region_143 = {
	2426 586 3215 5360 4219 585 3214 579 2822 4046 590 3218 4043 3221 4049 591 3222 
}
region_144 = {
	1248 574 420 2525 572 573 2336 2337 3201 5292 
}
region_145 = {
	3913 617 2098 2097 2095 3916 2099 3915 3940 621 3919 622 623 3918 2096 619 2102 2103 3914 3920 
	2100 620 3921 659 2094 618 3917 3911 2093 3912 
}
region_146 = {
	2213 653 2586 654 655 656 2214 2215 658 2216 657 2217 
}
region_147 = {
	2105 2104 628 626 625 3926 4237 4239 630 3924 2108 624 3922 3923 3925 2107 2109 2110 2111 3927 

}
region_148 = {
	639 640 3341 2091 3929 636 637 2089 2090 629 3342 2092 3339 3340 651 738 
}
region_149 = {
	631 632 634 633 635 1642 646 647 716 907 1042 643 644 2432 3928 641 642 2433 2434 4044 
	4045 4042 
}
region_150 = {
	1245 2088 3345 3343 773 3446 3450 3448 714 1234 2585 1237 3344 645 648 649 2430 2431 
}
region_151 = {
	1107 1106 822 1249 1109 650 1239 1242 2610 2527 4014 506 4013 1097 513 1243 2608 1244 5235 5236 
	5237 
}
region_152 = {
	1246 1232 1231 5234 1230 1233 1235 2587 1236 2588 2589 1238 2590 1240 2151 1341 4012 5238 5239 
}
region_153 = {
	2395 3936 3937 3314 2325 2731 2730 616 2393 2394 3938 2418 2419 2396 610 4211 
}
region_154 = {
	3232 3934 408 2320 2729 615 3235 3234 3225 2817 3935 2818 4213 612 2732 2669 2319 3231 611 614 
	3233 4212 5225 
}
region_155 = {
	3313 3227 3931 604 609 3933 3228 3226 2733 2819 4215 606 2317 607 2318 2397 3230 4214 3229 2826 
	608 2417 3932 605 2827 
}
region_156 = {
	602 2421 2825 2821 3909 2323 3907 2423 4217 4218 2324 3219 2322 3220 589 2321 601 2422 3908 2670 
	3224 
}
region_157 = {
	2420 3223 2306 2668 603 2820 3930 3236 594 593 592 2738 
}
region_158 = {
	596 3239 2830 4047 407 597 3910 4048 598 3315 599 2828 2735 2824 3237 2736 2737 4216 
}
region_159 = {
	2123 810 2139 2138 2136 799 2135 2134 1094 2133 1093 2132 2131 1092 1086 2127 1342 2126 817 1087 
	1090 2129 1085 1091 2128 2130 2146 1088 2140 2516 
}
region_160 = {
	3456 3458 3457 767 765 768 3465 763 3472 3471 3469 3468 3461 3460 2071 750 2072 3459 2075 802 
	803 769 3462 766 3464 764 3463 762 761 3466 3467 757 756 760 3475 3476 3477 755 3470 3479 
	3478 3481 754 3480 1485 3474 3473 758 749 3490 3489 3488 751 3487 3482 3483 3484 3486 752 753 
	759 3485 748 3491 2752 1484 742 3492 1483 3493 2074 2076 2079 2081 2084 2077 2080 2087 
}
region_161 = {
	1488 3447 3449 788 791 3452 781 779 778 3451 780 1487 3454 789 3453 2348 2347 2350 2351 774 
	794 4080 775 776 772 3455 1486 790 771 
}
region_162 = {
	783 787 2070 2346 3445 2349 5508 
}
region_163 = {
	3503 3501 831 3500 741 3499 1481 5240 1479 743 3497 1480 3498 830 3502 1478 833 825 3505 827 
	3504 2165 3506 832 1477 1475 823 795 792 1476 821 3507 835 826 
}
region_164 = {
	828 3495 3494 747 746 1482 745 1490 744 
}
region_165 = {
	3432 3431 3430 2342 3411 806 809 812 3414 3418 3417 815 3407 807 811 3412 813 819 816 3419 
	820 3416 3413 3415 3443 2341 2344 3441 2345 3440 3439 3442 3444 3427 2343 3436 3437 3435 3434 3438 
	797 796 824 3402 793 3403 3404 2065 808 814 3406 3405 818 2338 3424 2069 2340 2068 3425 3426 
	2066 3422 2067 3421 3420 1491 3408 804 3410 3409 798 800 801 3423 3428 3429 2339 
}
region_166 = {
	2481 1000 991 996 890 994 1003 2198 3637 993 990 3643 1489 3645 3646 3644 3652 3641 3640 3638 
	3647 987 988 3649 3648 3650 989 3651 1008 3660 3659 3658 946 2180 3636 985 3642 
}
region_167 = {
	2785 3617 3618 3583 3584 951 3586 949 3585 958 941 1493 944 957 945 920 3582 1462 947 3580 
	3579 948 913 911 915 914 937 3581 943 
}
region_168 = {
	2179 986 970 968 3691 967 3628 969 997 3631 965 939 966 964 2197 962 1452 963 2177 960 
	1459 959 955 3626 3624 3623 3627 3625 2671 940 3629 3630 
}
region_169 = {
	2178 916 952 953 950 2176 930 3616 3619 3620 3621 3622 932 3607 3608 3609 904 3610 931 1453 
	3605 3604 3606 3599 3600 3596 923 3603 3598 927 3597 3696 926 929 1456 933 2175 938 1451 3611 
	3612 936 3614 954 
}
region_170 = {
	1455 921 3554 1457 2173 3555 3557 3560 3561 3562 3564 3556 934 3577 917 3565 3563 2181 3601 3595 
	3602 3588 942 3587 1454 3615 3590 922 924 935 3613 1697 925 3591 3589 3592 3594 3593 2174 
}
region_171 = {
	900 3559 899 895 894 3566 903 2172 2171 912 906 3578 3572 3571 3570 2195 902 3576 3575 3574 
	3573 3568 905 3569 3567 1460 1494 918 898 901 
}
region_172 = {
	1735 878 3689 871 1466 1733 865 866 3688 3687 3685 1821 867 3690 1824 869 3682 3680 870 3683 
	3681 3684 876 3678 872 3679 2184 
}
region_173 = {
	3674 3667 3675 1465 1464 3676 972 2186 2185 3677 3668 874 3672 975 3671 3669 2190 2191 2189 2188 
	3670 2194 2193 978 979 1530 2192 
}
region_174 = {
	1419 893 3553 888 897 884 919 1418 3552 892 3551 858 3547 863 3548 885 1461 3549 896 887 
	3550 886 2166 1823 2199 2167 
}
region_175 = {
	3655 1004 3653 2161 2168 1005 3662 908 910 1011 3663 1010 1007 3661 1002 1001 3656 992 2196 909 
	3666 3665 3664 2169 
}
region_176 = {
	2182 2183 3635 983 3632 3633 984 982 3695 980 981 3634 
}
region_177 = {
	4040 2644 2643 2598 3532 1471 2410 2200 1711 3528 2403 1468 3531 3530 3527 3526 3525 854 3524 1470 
	849 851 847 2205 2638 2639 1463 853 3539 880 881 882 860 3540 3543 879 862 3542 1734 3541 
	1467 864 2640 859 3544 856 2642 3529 855 2641 883 3537 1469 2404 2405 3533 2597 4041 1474 1709 
	1710 2207 2602 2599 2601 2600 857 861 3538 2204 2203 2645 850 3522 2407 3523 2408 2406 852 2409 
	3521 2201 2202 3534 2402 3535 3536 848 
}
region_178 = {
	2208 840 3518 841 844 1472 3516 2646 1473 2416 3508 3509 839 3510 834 838 837 2604 2209 836 
	845 2415 3512 2414 3513 846 3514 2603 2412 3517 3519 2206 3511 843 2647 2413 2648 3515 2411 
}
region_179 = {
	2591 1540 485 3546 1539 486 1537 488 1536 490 489 1538 491 487 483 482 481 2592 492 493 
	2596 494 495 496 497 498 499 500 2595 501 2594 2593 502 
}
sr_1 = {
	89 88 63 2307 2353 3375 167 2356 183 1335 1387 4186 195 2362 391 184 201 3377 3860 1512 
	202 2335 1382 204 205 976 2332 203 2385 3861 2361 200 1383 3862 196 3373 1323 190 199 1384 
	357 172 2239 173 194 176 1381 175 3372 174 179 3371 1385 1375 1386 2240 168 3374 2330 169 
	4008 2329 170 171 1388 178 2234 180 177 2365 192 2366 193 191 4228 187 188 189 2812 3376 
	2354 186 2331 91 2364 93 2795 1511 87 90 2363 2360 92 2367 95 2451 96 2370 97 98 
	99 1372 51 2449 4004 1371 2450 100 3863 
}
sr_2 = {
	3368 211 3369 214 2473 1408 1420 2369 197 212 2368 213 181 1284 220 2565 3366 1845 3367 333 
	2358 209 198 3354 215 1409 3370 210 2514 2550 1421 2566 3864 2313 2567 217 219 3362 3365 3364 
	2312 208 3353 216 207 3352 2454 3351 143 206 3350 3865 182 2448 3356 218 3355 3363 3361 221 
	2371 222 3359 223 226 2314 1407 3357 2311 224 2310 3358 225 3360 227 230 232 3349 1422 1508 
	231 2308 3347 229 3348 1423 2309 3346 228 367 368 2751 366 
}
sr_3 = {
	2562 2531 121 2532 2858 119 2857 122 2533 2856 3870 1285 120 123 2534 125 2357 2853 2854 124 
	126 1413 2855 115 116 2563 1380 117 3698 1415 3697 3868 1247 2851 2852 127 2241 2242 3869 2530 
	118 3699 1379 3701 1390 104 1347 3381 2624 1376 103 1377 3703 68 102 1513 101 2564 109 2372 
	1345 1346 3866 108 111 1858 107 112 1348 3382 106 1378 113 114 3867 2453 3702 105 1414 3700 

}
sr_4 = {
	2386 3859 399 1283 237 235 236 1410 234 3325 233 1411 3326 239 243 3324 247 240 242 1412 
	241 3323 427 244 409 1514 246 238 245 250 251 248 249 3005 3337 1416 252 2512 253 3336 
	369 1417 3338 3719 3328 3329 374 373 2529 3330 375 3331 376 3333 372 3334 3335 3332 3327 
}
sr_5 = {
	9 1 1258 1259 5 891 11 1260 4 1257 3 2 8 7 25 3720 15 67 13 3721 
	2754 14 1428 2755 12 26 6 18 2515 22 1266 1255 10 21 17 16 1256 20 23 24 
	3998 1250 1251 371 370 1104 19 30 27 28 32 29 31 1261 3997 2327 1262 315 35 33 

}
sr_6 = {
	44 45 977 1252 1353 3722 53 3729 61 49 3727 3728 2618 66 1350 52 3738 3744 1373 46 
	3819 3818 57 3820 54 1352 1357 55 1364 3743 59 3850 2617 3851 3852 3741 2813 3854 3737 71 
	3822 3815 3735 3380 3814 3855 3853 3739 3740 2619 2835 50 3745 4015 2621 3817 2843 47 3821 72 
	2844 2847 2849 2850 48 264 2620 3742 60 4002 4003 973 56 3724 3725 3726 86 3813 1369 2637 
	2187 2159 2623 1368 85 1253 4009 79 3730 3731 3812 2757 3378 1349 74 69 3654 3723 1367 2756 
	1362 1363 78 1370 94 75 4005 4006 1356 4007 1366 58 3733 1365 3732 2616 
}
sr_7 = {
	37 273 1263 1430 3399 3765 36 3400 3766 3767 3768 38 39 1264 1432 1354 254 2401 2834 3756 
	2814 255 2815 2398 263 1531 2399 2400 262 2536 2832 3757 259 1279 2833 256 257 2816 3758 4026 
	271 3759 3763 2506 275 297 1393 2841 2842 2836 2837 2839 3764 272 296 3398 1265 1280 3397 283 
	1394 1395 3762 261 276 280 2848 289 299 381 311 2840 258 260 1281 2507 2535 3760 3792 1429 
	1433 2537 2838 3761 43 1391 1844 2355 2845 4025 40 41 42 4024 
}
sr_8 = {
	1392 2392 139 2391 1268 1767 2389 131 152 2390 1450 1403 2571 2388 136 137 138 150 1848 3780 
	1427 3781 2382 1426 3779 1591 5526 5525 157 5527 2381 159 3782 2380 2501 3876 5518 151 1402 2238 140 1396 2237 3777 
	1397 3775 3774 3776 141 2612 3773 156 1424 5528 2374 2373 3778 805 144 2387 5519 1401 148 2137 2124 3871 
	155 142 154 1399 1436 5523 5524 146 3872 3385 149 147 1434 1425 3873 145 3383 3384 3874 163 2749 164 
	320 2572 1435 3875 5522 5515 135 2436 133 3769 153 2846 1404 1859 1273 3789 1271 2275 1267 3772 1275 3770 
	3771 1270 1282 1406 3755 3754 1276 1272 3753 1274 3788 1405 162 3790 2375 158 3785 3786 3783 3784 
	2378 2376 3787 1398 2377 161 2379 3791 1269 3793 2236 5521 160 1400 2626 
}
sr_9 = {
	3750 268 267 3748 1277 266 3749 270 2831 3752 84 265 3751 2561 2633 1359 4001 269 1278 3999 
	4000 110 2625 73 3322 62 134 1510 83 3746 2384 132 2383 128 76 3747 129 130 2452 4034 
	1355 1361 3856 64 3858 1006 1351 4011 3857 65 1509 3736 70 81 974 1360 4010 3734 1358 80 
	77 82 2614 3379 2615 2622 1448 165 2359 1254 166 2611 185 1374 1389 2334 
}
sr_10 = {
	292 309 3401 3982 4017 274 3980 310 3981 34 291 312 3992 3994 278 279 288 314 4023 295 
	1217 2582 3985 3986 3988 3991 293 1289 2583 3993 301 304 306 1286 298 313 1194 1305 294 2546 
	3984 3983 308 1288 2580 3989 290 1291 1865 2440 1294 1295 1343 2547 2548 307 1290 1292 3987 3990 
	305 2545 1287 4110 282 3794 1299 1344 2274 2573 3877 285 300 4018 4021 284 1431 4019 286 287 302 
	1298 1296 1297 4020 4111 1307 1311 2438 4112 1308 2437 2439 4016 303 1293 1304 1309 1310 1083 3287 
	2443 2444 4113 
}
sr_11 = {
	3104 2722 3103 2113 3102 3109 2112 2721 5312 5313 504 505 2716 5243 2584 2717 3101 3108 2556 3098 
	5327 508 2114 3096 2700 3110 3113 3105 2115 2116 509 3107 2226 
}
sr_12 = {
	3114 5330 521 522 510 3106 5328 511 564 3111 5329 2163 3115 3123 3126 2705 2688 3202 558 5344 
	3136 5340 5342 5343 3184 2689 3185 5354 2690 5352 5353 5345 557 2692 4124 4125 554 2691 3198 3112 
	2701 523 555 3128 5335 5334 2557 3130 5337 3135 2632 2210 5320 5341 3134 5336 3129 5338 5339 3127 
	5332 5333 2555 5331 
}
sr_13 = {
	515 3125 2709 2568 517 2723 3124 2714 516 2710 2711 3238 2712 3199 2713 503 2718 512 5310 5311 
	514 519 525 3122 518 2707 2708 2704 2631 2706 528 5314 5315 2719 2720 526 3116 3140 3142 2211 
	3141 3143 527 3168 2685 3139 3169 524 3120 5316 5317 3131 5318 3133 3132 550 2702 3118 3119 520 
	2703 3117 3137 3138 
}
sr_14 = {
	562 565 3205 3206 3194 2698 569 2699 566 570 571 3193 2694 2695 3186 3187 3188 5355 568 3192 
	3190 3191 2696 567 3189 5358 2693 3203 5356 1588 5346 5347 5348 5357 561 563 5244 5349 3183 3176 
	5325 3182 5326 548 3177 5321 552 3200 5322 560 3178 5324 3175 3204 5323 
}
sr_15 = {
	545 3160 3161 5303 546 3162 5306 507 2627 5304 2628 2672 2630 3174 553 5305 5309 530 1587 3148 
	3164 5307 5308 2244 3163 3166 2212 2678 3165 2681 2680 2243 3146 529 2569 3144 3145 4056 2679 3147 
	3149 2554 2684 3170 3167 556 2687 3171 2686 5319 2682 2558 2683 3172 3173 549 559 3179 3180 3181 

}
sr_16 = {
	544 2677 3153 4079 543 547 3155 540 2676 3154 2675 5299 3159 542 2629 2245 537 2673 5300 538 
	3158 536 5294 541 4078 5301 5302 5295 5297 1520 539 2674 531 532 3150 3151 3152 533 534 2570 
	5296 5298 3157 535 5293 3156 421 1248 574 420 2525 572 573 2336 2337 3201 5292 
}
sr_17 = {
	582 581 2739 3197 3196 3195 3903 2429 584 2428 580 3217 3905 3904 2427 2425 352 3216 583 3906 
	587 588 2424 2728 2727 2823 2426 586 3215 5360 4219 585 3214 579 2822 4046 590 3218 4043 3221 
	4049 591 3222 613 2395 3936 3937 3314 2325 2731 2730 616 2393 2394 3938 2418 2419 2396 610 4211 
	2734 3313 3227 3931 604 609 3933 3228 3226 2733 2819 4215 606 2317 607 2318 2397 3230 4214 3229 
	2826 608 2417 3932 605 2827 2829 3232 3934 408 2320 2729 615 3235 3234 3225 2817 3935 2818 4213 
	612 2732 2669 2319 3231 611 614 3233 4212 5225 600 602 2421 2825 2821 3909 2323 3907 2423 4217 
	4218 2324 3219 2322 3220 589 2321 601 2422 3908 2670 3224 4050 2420 3223 2306 2668 603 2820 3930 
	3236 594 593 592 2738 595 596 3239 2830 4047 407 597 3910 4048 598 3315 599 2828 2735 2824 
	3237 2736 2737 4216 
}
sr_18 = {
	3312 1081 1073 3310 479 477 459 3306 3299 3285 471 2221 3296 3298 472 475 2442 1076 480 3308 
	1071 3276 3277 458 3292 3300 476 3848 3301 3297 2232 3847 3311 454 3293 436 457 3280 3844 444 
	3288 3289 3290 3291 441 439 462 4232 3841 3284 3286 440 442 455 456 3278 3279 2748 2261 2262 
	3207 2263 2258 2259 3209 2260 2463 666 2264 2122 2120 3208 2273 478 3213 2742 2743 3305 717 2118 
	2746 3210 3211 739 2740 2741 2745 460 461 3303 3302 720 3263 2265 713 3262 3240 2248 4038 2266 
	3275 722 3268 2267 2253 2268 4039 3265 1057 3267 1061 719 3266 3270 3272 715 2271 2270 4198 3273 
	1059 3271 4196 4197 3269 1054 1056 721 2156 1062 1060 1063 727 3252 3251 4033 1048 1050 1049 3249 
	1047 3250 3245 3244 728 3246 4032 729 3248 3247 3256 726 723 725 3243 3255 1058 3254 3253 1052 
	3241 3242 731 4031 3258 3261 3260 3257 3264 3259 
}
sr_19 = {
	706 5377 5376 708 5375 5373 709 5484 5372 705 704 5374 703 2560 5371 724 2247 5483 5482 2468 
	2476 2471 5478 5479 2467 2246 5480 5481 5385 5386 2491 2492 697 5378 5379 2148 5384 698 5387 5388 
	5389 1041 699 5380 5381 5382 5383 707 2249 4035 4037 4036 2170 2256 5488 2251 2254 5491 5493 2252 
	5487 5489 5490 2119 2257 5492 5494 2162 689 5402 5403 5404 5405 696 5390 5391 5392 702 2605 5471 
	5476 5473 5474 5475 2472 2485 701 5469 5470 5472 700 
}
sr_20 = {
	1053 5418 5419 679 2488 5420 5421 5422 5423 680 2484 2490 2606 2304 2305 2303 692 2142 5410 5411 
	2141 2272 5412 5413 693 5417 2493 5415 1046 1089 5416 2494 2145 5409 5414 691 695 2144 5407 5408 
	690 2149 2613 5406 2607 5393 5394 5395 2125 2150 5396 5397 1068 5398 2147 3977 694 5399 5400 5401 
	686 5455 5460 5461 670 683 5458 5459 669 2250 5456 5457 684 687 688 5462 5463 1172 5464 5465 
	5466 5467 5468 2478 5432 5433 5434 681 682 5429 5430 5431 2477 5426 5427 5428 712 2480 5424 5425 
	5435 
}
sr_21 = {
	2078 2082 5442 5443 672 710 1760 2086 671 2073 2117 678 2486 5436 5437 711 2462 5438 5439 676 
	677 2121 5440 5441 673 674 675 2464 3939 662 1759 2753 5497 5498 660 661 2326 2083 5501 663 
	1758 5499 5500 664 2510 2793 5446 665 2797 5449 5451 1337 2255 5450 5505 5506 685 1143 5447 5448 
	668 667 2085 1043 5444 5445 
}
sr_22 = {
	2299 2300 1025 1019 2301 2302 2744 2296 2297 3945 2295 2298 3943 3944 2292 2293 3946 2294 3948 3949 
	3950 2288 3951 3955 2277 2290 2291 3947 2289 3974 2284 2285 2286 3952 3953 3954 2287 2435 3956 2282 
	3957 3959 3973 2280 2283 2796 3958 1032 3969 2279 3960 3961 2281 1028 3963 3965 3962 1031 1033 1026 
	1029 3966 3967 1027 3964 1030 1018 1020 2278 3970 3971 1021 1015 1016 1017 3972 1023 1022 3968 1024 
	1012 1013 1014 730 733 1822 2801 732 2328 2800 3686 2806 734 2802 735 2803 2233 736 889 2461 
	2805 737 877 2276 2804 
}
sr_23 = {
	3059 3057 3058 3056 3061 3047 3048 3049 1201 3044 3060 3052 3051 1203 3062 3039 3053 1200 3050 3036 
	3037 3038 3054 3055 1198 1566 3032 3033 1199 3034 3035 2995 1195 3000 2996 2997 2998 1191 1187 1188 
	1565 2352 1151 2994 1181 1185 1564 1190 1186 1180 2985 1177 2984 2987 1176 2983 1150 1579 1193 2991 
	2990 2969 1192 2993 1174 1183 1178 4242 2988 2989 4282 4243 4244 4245 4283 1492 1189 1507 1578 4246 
	4247 4248 1586 4241 2970 2968 2992 1518 1528 3899 1527 3942 1226 3893 1228 1521 3895 3894 1519 1227 
	3898 3897 3896 1100 1101 1102 1103 2649 3028 3888 2666 2544 2503 2660 2952 2951 3009 1216 1573 1572 
	1209 2792 2496 3030 3001 3029 3031 2953 2500 1218 1182 3007 3045 3692 3002 3021 3063 1576 3041 1575 
	3042 3040 1574 3046 3006 3015 3018 1202 3066 1205 3067 3020 3064 1567 3008 1568 1207 1206 3017 3019 
	3013 3014 3890 3693 1570 3891 3043 3024 3022 2650 1571 3023 3025 3026 3889 1569 3010 3016 3065 3694 
	3892 3012 3011 1577 1158 1583 1162 5229 5230 1169 1168 1581 1165 1164 5221 5227 5228 1163 2881 1161 
	1582 5231 1167 1173 1584 1171 1160 1580 1166 2982 1170 2986 1175 
}
sr_24 = {
	2964 2905 2904 1542 1096 1110 2871 2882 2767 2893 2770 2883 2773 2872 1112 1114 1499 2218 3316 3317 
	1219 3318 1215 3319 3320 2947 2946 1221 2777 1222 1149 1220 1224 2945 1225 1133 1223 1560 1563 2948 
	2950 1155 2974 2975 5219 1505 1140 1562 2973 5218 1506 2981 2879 5222 5223 1139 1141 1504 2775 5220 
	1138 3816 2520 1098 2609 1095 1144 1154 2978 1156 2967 1146 2977 2976 1145 1142 1157 1159 2979 2980 
	4272 1558 4271 4269 4268 4267 4270 1136 4259 4260 4262 4261 4258 4266 1153 4265 4264 4263 4253 4249 
	4251 4250 4252 4256 1184 4254 4255 4257 4273 4274 4275 4276 4277 4278 4279 4280 1204 1196 1497 2922 
	1116 2923 2918 1117 2917 1544 2919 1118 2913 2907 2959 2908 2903 1130 1495 2902 1105 2956 1229 1127 
	2762 2759 2760 2897 2898 2900 2958 2914 2957 2763 2764 1541 1501 2955 2965 2774 348 2916 2772 1111 
	2886 2778 1496 2888 1128 2877 2890 2891 1129 2781 2960 2780 2961 2963 1525 2766 2910 1498 1124 2909 
	2906 2966 2765 2899 1121 1120 2768 2873 1113 1119 2885 2889 1134 1131 1550 2786 2787 2887 2788 1552 
	1561 2880 2884 2790 2776 1549 2779 2769 1502 2789 1557 1556 2927 1137 2926 2925 1554 1553 1546 1551 
	2794 2895 1122 2921 1135 1555 2924 1132 2876 2874 2875 2878 2758 2911 1126 1503 2912 1123 1125 2892 
	2894 
}
sr_25 = {
	1210 2497 1212 2661 362 358 363 4092 3887 359 3004 1211 1208 361 1338 2498 2543 4093 2499 1213 
	360 1214 4094 3003 1526 356 1339 4075 347 4072 344 4074 343 336 2972 2941 335 1534 4069 4070 
	4071 2944 2940 2869 1532 4073 2962 2942 334 1533 2971 2861 340 1515 339 2864 2863 350 338 2933 
	1522 2866 2865 337 1516 2934 2935 2932 2528 2663 2999 4068 2315 2867 2868 353 2862 341 351 2860 
	355 2662 354 2859 2937 2938 2939 1524 1148 2657 1543 2928 2316 2929 1559 2920 2949 1147 2915 2931 
	1545 2930 2771 2936 1523 2658 2659 1547 2504 1115 1116 4115 2870 345 342 1500 4116 4122 4117 346 
	349 1535 1548 1340 1585 2896 2943 
}
sr_26 = {
	1072 1529 4208 4209 1067 1069 2153 4199 1064 1065 281 1306 1082 4205 4206 1080 1075 4202 4203 4204 
	1078 1066 1070 1077 1079 2446 4201 2158 2157 1051 1055 4194 4195 1038 1039 1040 1044 1034 1035 1036 
	1037 1074 2152 2155 2154 2445 4200 
}
sr_27 = {
	782 1488 3447 3449 788 791 3452 781 779 778 3451 780 1487 3454 789 3453 2348 2347 2350 2351 
	774 794 4080 775 776 772 3455 1486 790 771 784 783 787 2070 2346 3445 2349 5508 3433 3432 
	3431 3430 2342 3411 806 809 812 3414 3418 3417 815 3407 807 811 3412 813 819 816 3419 820 
	3416 3413 3415 3443 2341 2344 3441 2345 3440 3439 3442 3444 3427 2343 3436 3437 3435 3434 3438 797 
	796 824 3402 793 3403 3404 2065 808 814 3406 3405 818 2338 3424 2069 2340 2068 3425 3426 2066 
	3422 2067 3421 3420 1491 3408 804 3410 3409 798 800 801 3423 3428 3429 2339 
}
sr_28 = {
	770 3456 3458 3457 767 765 768 3465 763 3472 3471 3469 3468 3461 3460 2071 750 2072 3459 2075 
	802 803 769 3462 766 3464 764 3463 762 761 3466 3467 757 756 760 3475 3476 3477 755 3470 
	3479 3478 3481 754 3480 1485 3474 3473 758 749 3490 3489 3488 751 3487 3482 3483 3484 3486 752 
	753 759 3485 748 3491 2752 1484 742 3492 1483 3493 2074 2076 2079 2081 2084 2077 2080 2087 829 
	3503 3501 831 3500 741 3499 1481 5240 1479 743 3497 1480 3498 830 3502 1478 833 825 3505 827 
	3504 2165 3506 832 1477 1475 823 795 792 1476 821 3507 835 826 3496 828 3495 3494 747 746 
	1482 745 1490 744 
}
sr_29 = {
	1517 3655 1004 3653 2161 2168 1005 3662 908 910 1011 3663 1010 1007 3661 1002 1001 3656 992 2196 
	909 3666 3665 3664 2169 998 2481 1000 991 996 890 994 1003 2198 3637 993 990 3643 1489 3645 
	3646 3644 3652 3641 3640 3638 3647 987 988 3649 3648 3650 989 3651 1008 3660 3659 3658 946 2180 
	3636 985 3642 971 2182 2183 3635 983 3632 3633 984 982 3695 980 981 3634 
}
sr_30 = {
	3558 900 3559 899 895 894 3566 903 2172 2171 912 906 3578 3572 3571 3570 2195 902 3576 3575 
	3574 3573 3568 905 3569 3567 1460 1494 918 898 901 956 2785 3617 3618 3583 3584 951 3586 949 
	3585 958 941 1493 944 957 945 920 3582 1462 947 3580 3579 948 913 911 915 914 937 3581 
	943 928 1455 921 3554 1457 2173 3555 3557 3560 3561 3562 3564 3556 934 3577 917 3565 3563 2181 
	3601 3595 3602 3588 942 3587 1454 3615 3590 922 924 935 3613 1697 925 3591 3589 3592 3594 3593 
	2174 961 2178 916 952 953 950 2176 930 3616 3619 3620 3621 3622 932 3607 3608 3609 904 3610 
	931 1453 3605 3604 3606 3599 3600 3596 923 3603 3598 927 3597 3696 926 929 1456 933 2175 938 
	1451 3611 3612 936 3614 954 1458 2179 986 970 968 3691 967 3628 969 997 3631 965 939 966 
	964 2197 962 1452 963 2177 960 1459 959 955 3626 3624 3623 3627 3625 2671 940 3629 3630 1663 
	1419 893 3553 888 897 884 919 1418 3552 892 3551 858 3547 863 3548 885 1461 3549 896 887 
	3550 886 2166 1823 2199 2167 
}
sr_31 = {
	873 3674 3667 3675 1465 1464 3676 972 2186 2185 3677 3668 874 3672 975 3671 3669 2190 2191 2189 
	2188 3670 2194 2193 978 979 1530 2192 868 1735 878 3689 871 1466 1733 865 866 3688 3687 3685 
	1821 867 3690 1824 869 3682 3680 870 3683 3681 3684 876 3678 872 3679 2184 
}
sr_32 = {
	842 2208 840 3518 841 844 1472 3516 2646 1473 2416 3508 3509 839 3510 834 838 837 2604 2209 
	836 845 2415 3512 2414 3513 846 3514 2603 2412 3517 3519 2206 3511 843 2647 2413 2648 3515 2411 
	3520 4040 2644 2643 2598 3532 1471 2410 2200 1711 3528 2403 1468 3531 3530 3527 3526 3525 854 3524 
	1470 849 851 847 2205 2638 2639 1463 853 3539 880 881 882 860 3540 3543 879 862 3542 1734 
	3541 1467 864 2640 859 3544 856 2642 3529 855 2641 883 3537 1469 2404 2405 3533 2597 4041 1474 
	1709 1710 2207 2602 2599 2601 2600 857 861 3538 2204 2203 2645 850 3522 2407 3523 2408 2406 852 
	2409 3521 2201 2202 3534 2402 3535 3536 848 484 2591 1540 485 3546 1539 486 1537 488 1536 490 
	489 1538 491 487 483 482 481 2592 492 493 2596 494 495 496 497 498 499 500 2595 501 
	2594 2593 502 
}
sr_33 = {
	1437 1447 2541 328 316 3878 323 2553 1446 5517 5516 3388 2552 2664 3883 1441 3882 330 3396 3881 1326 2574 
	318 4066 5520 4067 317 3386 3387 3390 1438 4065 1325 319 3389 4060 325 3391 4064 1439 3879 2540 329 
	331 2542 4061 324 4062 326 322 4063 332 377 2655 3886 1327 2224 3091 875 4058 1328 378 1334 
	382 4057 2635 2636 364 2634 379 1331 2575 1322 410 2230 3900 3089 1319 3901 3085 3084 415 3086 
	1330 393 3902 398 392 3826 1320 3088 2654 411 3885 1329 3087 3639 1303 2578 1009 995 3796 1302 
	4114 999 3795 422 423 2576 3797 3808 3801 1449 3800 1301 3810 1317 3811 424 425 2579 2656 3799 
	1300 2549 3798 3392 4059 327 1755 321 2750 3884 1442 3803 3395 3802 4028 1444 3394 418 4029 3093 
	2551 1333 3393 1443 1440 2577 3806 1316 3807 3809 2581 4027 3804 419 3805 3076 3077 385 384 380 
	2665 1332 469 2808 2809 2807 2652 3072 2811 2651 3071 2810 470 397 396 394 395 467 3070 2539 
	3069 466 2538 400 3068 403 389 465 402 3074 401 1099 404 3075 2653 388 4097 4098 5242 428 
	474 383 3073 473 4095 4096 
}
sr_34 = {
	387 3281 445 3849 3838 447 3833 551 3099 4030 432 3092 3839 446 3840 4234 433 2220 417 3824 
	426 405 386 435 464 3831 3832 468 2229 3830 2235 431 3825 412 2219 2559 2724 413 2470 2726 
	3080 2228 3081 3829 3827 3828 429 3836 390 2725 430 2227 1315 1314 3078 1313 3083 3823 3090 1318 
	1321 416 463 1445 3079 2225 3082 414 3843 2231 450 453 3657 451 578 3842 449 452 3097 3094 
	3095 3294 576 575 434 437 3100 448 577 2715 3834 
}
sr_35 = {
	2101 3913 617 2098 2097 2095 3916 2099 3915 3940 621 3919 622 623 3918 2096 619 2102 2103 3914 
	3920 2100 620 3921 659 2094 618 3917 3911 2093 3912 2106 2105 2104 628 626 625 3926 4237 4239 
	630 3924 2108 624 3922 3923 3925 2107 2109 2110 2111 3927 638 639 640 3341 2091 3929 636 637 
	2089 2090 629 3342 2092 3339 3340 651 738 627 631 632 634 633 635 1642 646 647 716 907 
	1042 643 644 2432 3928 641 642 2433 2434 4044 4045 4042 777 1245 2088 3345 3343 773 3446 3450 
	3448 714 1234 2585 1237 3344 645 648 649 2430 2431 652 2213 653 2586 654 655 656 2214 2215 
	658 2216 657 2217 
}
sr_36 = {
	1084 2123 810 2139 2138 2136 799 2135 2134 1094 2133 1093 2132 2131 1092 1086 2127 1342 2126 817 
	1087 1090 2129 1085 1091 2128 2130 2146 1088 2140 2516 1241 1246 1232 1231 5234 1230 1233 1235 2587 
	1236 2588 2589 1238 2590 1240 2151 1341 4012 5238 5239 1108 1107 1106 822 1249 1109 650 1239 1242 
	2610 2527 4014 506 4013 1097 513 1243 2608 1244 5235 5236 5237 
}
cont_1 = {
	367 3376 2354 186 2331 2240 168 3374 1386 2330 3375 167 169 4008 2329 170 171 1388 178 177 
	195 2362 184 391 89 88 63 2307 2356 183 1335 1387 4186 187 188 189 2812 2365 192 2366 
	193 191 2332 4228 172 2239 173 180 2234 176 1381 175 3372 174 194 179 3371 1385 1375 3862 
	3861 2361 200 1383 196 3373 1323 201 3377 3860 1512 202 203 190 199 1384 357 2335 1382 204 
	205 2385 976 2353 91 2364 87 90 2363 92 2360 2367 95 96 2370 97 98 2449 99 1372 
	1371 100 2450 93 2451 2795 1511 94 3368 211 3369 214 2473 1408 1420 2369 197 3863 212 2368 
	213 181 1284 220 2565 3366 1845 3367 333 2358 3370 210 2514 2550 1421 3363 3361 221 2371 3357 
	2311 224 2310 3358 225 3360 227 222 3359 223 226 2314 1407 3864 2313 2566 209 198 3354 215 
	1409 219 3362 3365 2567 217 3364 2312 208 3353 216 207 3352 3865 182 2448 3356 218 3355 2454 
	3351 143 206 3350 232 3349 1422 1508 231 2308 3347 229 230 3348 1423 2309 228 3346 108 111 
	1355 1858 107 112 1348 3382 109 2372 1345 1346 3866 1390 2611 104 1347 3381 1376 103 1377 3703 
	68 2564 115 116 2563 117 3698 1415 3697 1380 3868 102 1513 101 1247 2851 2852 127 2241 2242 
	125 2357 2853 2854 124 126 1413 2855 2562 2531 2532 121 120 2534 123 2533 2856 3870 1285 2858 
	119 2857 122 106 1378 113 114 3867 2453 3699 1379 3701 3869 2530 118 3702 105 1414 3700 373 
	2529 3327 3328 3329 374 3330 375 3331 376 3333 3332 372 3334 3335 369 3338 253 1417 3719 252 
	2512 427 3324 240 3325 243 239 237 1283 250 251 248 249 3337 3336 1416 236 2386 3859 399 
	242 1412 241 3323 247 233 409 246 238 245 244 1514 1411 3326 234 1410 235 14 1428 2755 
	12 3720 15 67 26 6 18 2515 13 3721 2754 1257 3 2 8 7 25 9 1 1258 
	1259 5 4 891 11 1260 2327 1261 3997 19 30 29 31 27 28 32 1262 315 3994 35 
	33 22 1266 1255 10 24 21 17 16 1256 20 23 3998 1250 1251 371 370 1104 4003 4002 
	2561 4001 1359 2633 2831 1278 4000 3999 269 270 3750 267 268 3749 265 84 3752 3751 266 3748 
	2619 1277 60 3742 2620 1360 1358 80 77 3734 4010 3743 59 3850 2617 3851 3852 3739 3740 3853 
	1373 3744 3858 64 3856 1361 3746 1351 4011 3857 65 1509 70 974 81 1366 58 2614 82 3379 
	2622 2615 52 1350 66 3738 3815 3380 2813 3854 3814 3855 3736 3737 3735 71 3741 2835 264 50 
	4015 72 3821 3745 2621 3817 2843 47 2844 2847 2849 2850 48 110 2625 73 3322 62 134 1510 
	83 2384 132 2383 128 76 3747 129 130 2452 4034 1448 165 2359 1254 166 2624 185 1374 1389 
	2334 69 74 1349 3378 1356 4007 75 4005 4006 78 1370 1363 1362 1253 4009 1368 85 2623 51 
	2616 3732 1365 2756 1367 3733 3812 2757 3730 3731 79 2187 2637 86 4004 3725 56 1369 3726 973 
	53 3729 49 3727 61 3728 2618 3822 3813 3724 3723 1364 55 1357 54 1352 3722 1252 44 1353 
	45 46 3819 3818 57 3820 2387 5519 1401 148 2137 2124 3871 155 1424 5528 2374 2373 3778 805 144 142 
	1436 5523 5524 1425 3873 145 3383 3384 3874 146 3872 3385 149 147 154 1399 1591 5526 5525 157 5527 150 1848 3780 1427 
	3781 3776 2382 1426 3779 2381 159 3782 2380 2376 3787 1398 2377 161 3785 3786 3783 3784 2378 5521 
	160 1400 2379 3791 1269 2626 3793 2236 3788 1405 162 3790 2375 158 1282 1406 3755 3754 1276 1272 
	3753 1274 3774 141 2612 3773 3775 1397 140 3777 1396 156 2237 1392 2392 139 2391 1268 1767 2389 
	131 152 2390 1450 1403 2571 2388 136 137 138 1404 1859 1273 3789 1271 2275 1267 3772 1275 3770 
	3771 1270 135 2846 2436 133 3769 153 163 2749 164 1434 36 1354 3400 3766 3767 3768 255 263 
	2399 2400 37 38 273 1263 1430 3399 3765 39 1264 1432 40 41 42 4024 43 1391 1844 2355 
	2398 2845 4025 254 2401 2814 2834 3756 259 262 1279 2536 2832 2833 3757 258 260 1281 2507 2535 
	3760 1429 1433 2537 2838 3761 3792 283 2836 3762 1394 1395 2837 2839 275 297 1393 2841 2842 256 
	257 1531 2506 2815 2816 3758 4026 271 3759 3763 1265 1280 3397 272 296 3398 3764 261 276 280 
	2848 289 299 381 311 2840 305 2545 1287 4110 284 1431 4019 285 300 4018 4021 286 287 302 
	1298 282 3794 1299 1344 2274 2573 3877 301 304 306 1286 295 1217 2582 3985 3986 3988 3991 307 1290 
	1292 3987 3990 293 1289 2583 3993 34 292 309 310 3401 3981 3982 4017 294 2546 3984 3983 308 
	1288 2580 3989 274 3980 291 312 3992 303 1293 1304 1309 1310 1296 1297 4020 4111 1307 1311 2438 
	4112 1308 2437 2439 4016 290 1291 1865 2440 1083 3287 3310 1294 1295 1343 2547 2548 2443 2444 4113 
	278 279 288 314 4023 298 313 1194 1305 3005 1006 2159 3654 977 2501 3876 5518 151 1402 2238 
}
cont_2 = {
	1245 2088 714 1234 2585 1237 3344 3343 773 777 3345 1236 2588 2589 1238 2590 650 1239 1242 1241 
	1246 1232 1231 1230 1233 1235 2587 1084 2123 810 2139 2138 2136 799 2135 2134 1094 2133 1093 2132 
	2131 1092 2128 1091 2129 1090 1087 1086 2127 1342 2126 817 1085 2130 2146 1088 2140 2516 2527 4014 
	506 4013 1097 1244 513 1243 4012 1341 2608 1108 1107 1106 2610 822 1249 1109 1240 2151 5234 5235 
	5236 5237 5238 5239 
}
cont_3 = {
	770 3456 3458 3457 767 765 768 3465 763 3472 3471 3469 3468 3461 3460 2071 750 2072 3486 752 
	753 759 3485 3459 2075 802 803 3482 3483 3484 769 3462 766 3464 764 3463 762 761 3466 3467 
	757 756 760 3475 3476 3477 755 3470 3479 3478 3481 754 3480 1485 3474 3473 758 3492 1483 3493 
	2074 749 3490 3489 3488 751 3487 748 3491 2752 1484 742 2076 2079 2081 2084 2077 2080 2087 1486 
	790 771 782 1488 3447 3449 1487 788 2351 2350 791 779 778 3451 781 780 3454 3452 789 3453 
	2348 2347 774 794 4080 776 772 3455 747 746 1482 745 1490 744 3496 828 3495 3494 797 796 
	824 3402 793 3403 3404 2065 829 3503 3501 831 3500 741 3499 1481 1479 743 3497 1480 3498 830 
	3502 1478 833 825 3506 832 1477 1475 823 795 792 1476 821 3505 827 3504 2165 2342 3445 2346 
	2349 787 2070 784 783 3408 804 3410 3409 798 3427 2343 3436 3437 3438 3435 3434 2066 3422 2067 
	3421 3420 1491 3433 3432 2339 3431 3430 3429 3428 3423 3411 806 809 812 3414 3418 3417 815 3407 
	807 811 3412 813 819 816 3419 820 3416 3413 3415 3443 2341 2338 2344 3441 2345 3440 3439 3442 
	3444 5240 3424 2069 2340 2068 3425 3426 800 801 775 808 814 3406 3405 818 2609 1095 5508 5240 

}
cont_4 = {
	1458 2179 986 970 968 3691 967 3628 969 3631 965 939 966 964 962 1452 963 2177 960 1459 
	959 955 2671 940 3629 3630 3626 3624 3623 3627 3625 961 2178 916 952 953 950 2176 930 3616 
	3619 3620 3621 3622 932 3607 3608 3609 904 3610 933 2175 938 1451 3611 931 1453 3605 3604 3606 
	3599 3600 3596 923 3603 3612 936 3614 954 3598 927 3597 3696 926 929 1456 3594 3593 2174 1697 
	925 3591 3589 3592 2181 3601 3595 3602 3590 922 924 935 3613 3588 942 3587 1454 3615 956 2785 
	3617 3618 3583 3584 951 3586 949 3585 958 941 1493 944 957 945 920 3582 1462 947 3580 3579 
	948 913 911 928 1455 921 3554 1457 2173 3555 934 3577 917 3565 3563 3557 3560 3561 3562 3564 
	3556 3558 900 3559 899 895 894 3566 903 915 914 937 3581 943 2172 2171 912 906 3578 3572 
	3571 3570 2195 902 3576 3575 3574 3573 3568 905 3569 3567 1460 1494 918 898 901 1461 3549 896 
	887 3550 888 897 884 919 1663 1419 893 3553 3670 1418 3552 892 3551 858 3547 863 3548 885 
	886 2166 2199 2167 867 1823 868 1735 878 3689 871 3688 3687 3685 1821 3690 1824 869 3682 3680 
	870 3634 3683 3681 3684 876 3678 872 3679 2184 873 3674 3667 3675 1465 1464 972 2186 2185 3677 
	3668 3669 874 3672 975 3671 2190 2191 2189 2188 2194 2193 978 979 1530 2192 3632 3633 984 982 
	971 2182 2183 3635 983 3695 980 981 998 997 2197 2481 1000 991 996 890 994 1003 2180 3636 
	985 3642 2198 3637 993 990 3643 1489 3645 3646 3644 3652 3641 3640 3638 1008 3660 3659 3658 946 
	3648 3650 989 3647 987 988 3649 1007 3661 1002 1001 3656 992 2196 1517 3655 1004 3653 3651 3676 
	2161 2168 1005 3662 908 910 1011 3663 1010 3666 3665 3664 2169 909 2638 2639 1463 853 3539 880 
	881 882 860 3540 3543 879 862 3542 1734 3541 1467 864 857 861 3538 1466 1733 865 866 2640 
	859 3544 856 2642 3529 1711 3528 2403 1468 855 2641 883 2404 1469 2405 3532 852 2406 1471 2410 
	3527 3526 3525 854 3531 3530 849 851 847 2205 3520 4040 2644 2643 2598 845 2415 3512 2414 3513 
	846 3514 848 2603 2412 1472 3517 3519 2206 3511 843 2647 3516 2646 2413 2648 3515 2411 3536 4041 
	1474 1709 1710 842 2208 840 3518 841 844 1473 2416 3508 3509 839 3510 834 838 837 2604 2209 
	836 3507 835 826 484 2591 1540 485 3546 1539 486 3534 2402 3535 1537 488 1536 490 489 1538 
	2409 3521 2201 2200 2597 3533 491 487 483 482 481 2592 1470 3524 2407 3523 2408 3522 492 493 
	2596 494 495 496 497 2204 2203 2645 850 2202 498 499 500 2595 501 2594 2593 502 2207 2602 
	2599 2601 2600 3537 
}
cont_5 = {
	3195 3903 2429 584 2428 580 3905 3904 2427 2425 352 3216 3217 585 3214 579 2823 2426 586 3215 
	582 581 2739 3197 583 3906 587 588 2424 2728 2727 2822 4046 590 3218 4043 4047 407 597 3910 
	596 3239 2830 598 3315 599 2828 2735 2824 3236 3237 594 2736 2737 595 4216 612 2732 2669 408 
	2319 3225 2817 2818 3935 4213 606 3229 2317 2318 3230 2397 607 4214 2734 3313 3228 3227 2819 609 
	3226 2733 2826 608 2417 3931 3932 2827 604 3933 605 3221 4049 591 3222 593 592 2738 2394 613 
	2395 3938 2393 616 3314 3937 2325 2731 2418 2419 2396 610 3936 4211 3231 2829 3232 3934 611 3233 
	614 2320 2729 2730 615 3235 3234 4212 600 602 2421 2825 2821 3909 2321 601 2422 3908 2670 3224 
	2324 2323 3907 2423 589 3220 2322 3219 4217 4218 4050 2420 3223 2668 603 2306 2820 3930 4215 652 
	2213 653 654 656 2214 2215 658 2216 657 2217 2101 2097 3913 617 2093 3912 3911 618 3915 2094 
	2095 3916 621 3919 620 3921 659 622 623 3918 2096 619 3914 2102 2103 3920 2100 3917 2099 3940 
	2098 2106 2105 2104 628 626 625 3926 2110 2111 3927 3925 2109 2107 630 3924 2108 624 3922 3923 
	3339 638 639 2091 3929 636 637 738 3340 651 655 640 3341 2089 2090 629 3342 2092 4048 4237 
	4239 716 1042 647 646 645 2430 2431 648 649 2586 627 631 632 634 633 907 635 1642 2434 
	2433 2432 4044 4045 4042 641 642 644 643 3928 5360 3446 3448 3450 5225 
}
cont_6 = {
	3115 2163 522 521 3114 3126 3123 511 3111 564 3106 510 524 3120 3119 3131 3118 550 555 3128 
	2555 3127 3130 3129 2210 3135 3134 2632 3113 3110 3112 2700 3132 2557 2702 3133 556 2687 3171 2686 
	3109 2113 3102 2226 3108 2556 2722 3104 3103 2112 2721 2693 3183 1588 561 3203 3176 3182 3188 3187 
	3194 2698 569 570 3196 2699 3190 568 3192 567 3189 3191 563 2696 4219 3186 2694 2695 2688 3202 
	558 2690 2689 3136 3185 3184 3173 549 559 3179 3180 3181 2684 3170 2554 3167 2685 3139 3169 3175 
	560 3178 552 548 3200 3204 3177 507 2627 3174 553 2630 3160 545 3161 3162 546 3153 3155 547 
	543 544 4079 533 534 2570 3156 3157 535 2703 3137 3116 3140 526 3138 525 3117 520 2707 518 
	528 2708 2720 519 2719 2718 512 514 3122 2705 2704 2631 2706 3101 2584 2717 505 2716 504 541 
	2674 539 4078 1520 2628 2672 3159 542 2629 2245 538 3158 536 2673 537 529 3144 4056 2569 3145 
	3150 531 3151 3152 532 540 2676 3154 2675 2680 2243 530 3146 3164 3165 2681 3166 2244 2212 2678 
	3163 3147 2679 3149 3148 1587 2677 566 3205 3206 3193 571 2701 523 554 3198 2691 557 2692 562 
	4124 4125 3105 2115 2116 509 3107 2337 3201 573 2336 572 515 3125 516 2714 2709 2723 3124 2568 
	517 527 3168 2711 3238 2712 3199 2713 2710 503 2682 2558 2683 3172 3142 2211 3141 3143 5243 5244 
	5292 5293 5294 5295 5296 5297 5298 5299 5300 5301 5302 5303 5304 5305 5306 5307 5308 5309 5310 5311 
	5312 5313 5314 5315 5316 5317 5318 5319 5320 5321 5322 5323 5324 5325 5326 5327 5328 5329 5330 5331 
	5332 5333 5334 5335 5336 5337 5338 5339 5340 5341 5342 5343 5344 5345 5346 5347 5348 5349 5352 5353 
	5354 5355 5356 5357 5358 421 1248 574 420 2525 
}
cont_7 = {
	730 2800 732 2328 733 2801 2806 734 2802 735 2803 2233 2276 737 2804 736 2805 3964 1030 3962 
	1032 1031 3969 1033 2279 3960 3961 2296 2297 3945 2295 2298 3943 3944 2277 2292 2293 3946 2294 3948 
	3949 3950 2299 2300 1025 1019 2301 2302 2744 2284 2285 2286 3952 3953 2290 2291 3947 2287 2435 3956 
	3974 2288 2289 3951 3955 3959 2281 3973 2280 2283 3954 2796 3958 2282 3957 1021 1027 1028 3963 3965 
	1026 1029 3966 3967 1023 1022 3968 1024 1018 1020 2278 3970 3971 1015 1016 1017 3972 1012 1013 1014 
	3262 3261 3260 3257 3264 3254 727 3252 3253 3251 4033 1048 1050 1049 3249 1047 3250 1058 3256 726 
	723 725 3243 3241 3242 731 4031 3258 3259 3245 3244 728 3246 4032 729 3248 3247 707 2249 4035 
	4037 4036 3275 722 3268 2267 2253 720 3263 2265 3240 2248 4038 2266 713 2268 4039 3267 3266 3265 
	717 3273 1061 1057 3272 715 2271 2270 4198 2118 3210 3211 739 2740 2745 2741 2746 2273 3276 478 
	459 3213 2742 2743 460 461 3303 3302 3300 3306 477 3848 3305 2258 2259 3209 2260 2463 666 2264 
	2122 2120 3208 2748 2261 2262 3207 2263 565 706 708 709 705 704 724 703 2560 2491 698 699 
	2492 697 1041 696 2607 694 1068 2147 2125 2150 691 695 2144 2613 690 689 2148 2149 692 2142 
	693 2493 2494 2145 2141 2272 1046 1089 712 2480 2478 682 681 2477 679 2488 1053 680 2490 2484 
	2606 2304 2305 2303 2486 678 2462 2121 711 2464 675 673 2117 3939 674 677 676 2086 672 2082 
	2078 671 2073 1760 710 668 667 2085 1043 1758 662 1759 2753 2326 661 660 2083 663 685 665 
	2797 1337 2255 2793 664 2510 1143 687 688 1172 684 670 686 669 2250 683 700 702 2605 2472 
	701 2485 2471 2467 2246 2476 2468 2247 2256 2170 2252 2251 2119 2257 2162 2254 5371 5372 5373 5374 
	5375 5376 5377 5378 5379 5380 5381 5382 5383 5384 5385 5386 5387 5388 5389 5390 5391 5392 5393 5394 
	5395 5396 5397 5398 5399 5400 5401 5402 5403 5404 5405 5406 5407 5408 5409 5410 5411 5412 5413 5414 
	5415 5416 5417 5418 5419 5420 5421 5422 5423 5424 5425 5426 5427 5428 5429 5430 5431 5432 5433 5434 
	5435 5436 5437 5438 5439 5440 5441 5442 5443 5444 5445 5446 5447 5448 5449 5450 5451 5455 5456 5457 
	5458 5459 5460 5461 5462 5463 5464 5465 5466 5467 5468 5469 5470 5471 5472 5473 5474 5475 5476 5478 
	5479 5480 5481 5482 5483 5484 5487 5488 5489 5490 5491 5492 5493 5494 5497 5498 5499 5500 5501 5505 
	5506 3977 877 889 2461 1822 3686 3255 1052 3270 
}
cont_8 = {
	576 575 434 437 3100 3833 551 3099 4030 448 577 2715 3834 3294 447 3095 3094 3290 3293 454 
	458 3292 3291 3297 2232 3847 476 3301 3311 508 2114 451 453 578 3096 452 3842 449 3097 3098 
	436 3280 444 3288 3289 457 3844 455 456 2470 442 3278 440 3279 3286 3299 3285 471 2221 3296 
	3298 441 439 462 4232 3284 3841 387 3281 2220 445 3849 3092 3839 446 3840 432 3838 4234 386 
	433 2724 413 2726 3080 2228 3081 3843 2231 450 435 464 3831 3832 468 2229 3827 3828 429 3836 
	390 2725 2227 1315 1314 3078 1313 3083 3829 430 3830 2235 431 3079 2225 3082 414 3823 3090 1318 
	1321 416 463 1445 417 3824 426 405 3657 
}
cont_9 = {
	1034 1035 1036 1037 1038 1039 1040 1044 2158 2157 1051 1055 4194 4195 1054 1056 1059 3269 719 3271 
	4196 4197 1074 2152 2155 2154 2445 4200 1529 1075 2446 4201 4202 4203 4204 4209 1067 1069 1066 1078 
	2153 4199 2156 1062 1060 1063 1064 1065 281 1072 1306 1082 4205 4206 4208 479 3277 472 1076 3312 
	1081 1073 480 3308 1071 1070 1079 1080 475 2442 1077 721 
}
cont_10 = {
	1096 2872 2773 2883 1110 2871 2882 2768 2873 2218 1114 1499 2964 2905 1112 2904 2765 2911 2912 2906 
	1111 2767 2893 2770 1120 2769 2966 1542 1541 1124 1498 1501 2913 2909 2910 2965 2774 348 2916 2772 
	4117 1118 2955 2914 1117 2922 1497 2923 2908 2956 2957 1495 2902 2958 1130 2907 2959 2903 2897 2898 
	2899 2900 2763 2764 1525 2760 1503 2759 2762 1229 1127 2787 2886 2888 1496 1550 2887 2889 2788 1137 
	2927 2926 2925 1546 1554 1553 1132 2924 1555 2794 1560 2948 1133 2950 1563 1223 1225 2947 2946 1221 
	2777 1222 2945 1149 1220 1224 1561 1552 2880 2884 1551 1502 2789 1557 1556 2921 1135 2919 2918 2917 
	1544 1105 2960 2758 2874 2875 2878 1126 2876 2891 2877 2890 1128 2778 1129 2781 2963 2961 2780 2885 
	2786 1131 1134 2790 2776 1549 2779 1123 1125 2892 1119 2895 2894 1122 1113 2766 1121 1505 1140 2973 
	2974 2975 1155 1562 1157 1506 2981 2979 2879 1158 1583 1162 1139 1141 1504 2775 1558 1136 1153 1159 
	1184 1144 2980 1154 2978 1156 2967 1146 2977 2976 1145 1142 1582 1163 2881 1164 1581 1168 1161 1167 
	1160 1584 1171 1173 1169 1580 1166 2982 1170 2986 1165 1175 1100 1102 1103 1518 1528 3899 1527 3942 
	1226 3893 1228 1521 3895 3894 1519 1227 3898 3897 3896 1492 1189 1507 1150 1579 1193 1578 2991 2990 
	2969 1192 2988 2989 2993 1174 1183 1178 2992 2970 2968 1586 1180 2985 1177 2984 2987 1176 2983 1151 
	2994 1181 1185 1564 1190 1186 1191 1187 1188 1565 2352 2995 1195 3000 2996 2997 2998 1196 1204 3316 
	3317 1219 3318 1215 3319 3320 368 2751 366 1138 3816 2520 1098 4272 4271 4270 4269 4268 4267 4259 
	4260 4266 4265 1101 5227 5228 4264 4263 4262 4261 4258 4253 4249 4251 4250 4252 4254 4255 4257 4256 
	4242 4241 5229 4273 4274 4275 4276 4277 4278 4279 4280 4282 4243 4244 4245 4283 4246 4247 4248 5221 
	5222 5223 5224 5227 5228 5229 5230 5231 5241 5218 5219 5220 
}
cont_11 = {
	2664 3883 1441 3882 3881 1326 2574 3884 1442 330 3396 3803 3395 3802 318 4066 5520 4067 317 875 3386 
	3387 3879 2540 329 331 2542 4061 4060 325 3391 4064 1439 3878 323 2553 1446 5516 5517 3388 2552 3390 1438 
	4065 1325 319 3389 332 377 2655 3886 1327 3392 4059 327 1755 321 2750 1437 1447 2541 328 316 
	324 4062 326 322 4063 4058 1328 378 1334 382 4057 2635 2636 364 2634 379 1331 2575 1333 3393 
	1443 1440 320 2572 1435 3875 5522 5515 2224 3091 1319 3885 3900 3089 1329 3087 1320 3088 2654 411 1330 3086 
	1322 410 2230 393 3902 398 392 3826 3072 3901 3085 3084 415 3825 412 2219 2559 397 396 394 
	395 467 3070 2539 469 2808 2809 2807 2652 2811 2651 3071 2810 470 3076 3077 385 384 380 2665 
	1332 404 3075 2653 388 4097 4098 389 465 402 3074 401 1099 3069 466 2538 400 3068 403 428 
	474 383 3073 473 4095 4096 363 2498 362 358 2499 3887 359 4092 3003 2543 361 1338 4093 1213 
	360 1214 4094 1210 2497 1212 2661 355 2662 354 2859 1339 1526 356 2937 2938 2939 1524 1148 2657 
	2999 2663 2528 4068 2315 2867 2868 353 2862 341 351 2860 2861 340 1515 339 2864 2863 350 338 
	2933 1522 2866 2865 337 1516 2934 2935 2932 2936 1523 2658 2659 346 349 1535 1340 1585 2896 2943 
	2944 2942 2940 2869 1532 4073 2962 4075 347 4072 344 4074 343 336 335 1534 2972 2941 4069 4070 
	4071 2870 345 342 1500 4116 4122 3062 3061 3060 3052 1203 3063 3051 3021 3031 2953 2500 1218 1182 
	2649 3028 3888 2666 2544 2660 2503 1216 1573 1572 1209 2792 2952 2951 3009 1533 334 2971 2650 1571 
	3022 1202 3043 3018 3890 3889 3693 1570 3891 3006 1575 3041 3042 3040 1574 3044 3046 3047 3048 3049 
	1201 3050 1207 3007 1569 3045 1577 3020 1567 3008 3064 3692 3066 1205 3067 3019 1576 1568 1206 3892 
	3015 3014 3013 3011 3017 3012 1198 1566 3032 3033 1199 3034 3035 1208 1211 3004 2496 3030 3001 3029 
	3002 3059 3057 3058 3056 3055 3054 3036 3037 3038 3039 3053 1200 3026 3024 3023 3694 3025 3016 3065 
	3010 4028 1444 3394 418 4029 3093 2551 2576 422 423 3801 1449 3800 1301 3798 3797 3799 1300 2549 
	425 2579 2656 3810 1317 3811 424 3808 3807 3809 4115 3795 3796 1302 1303 2578 4114 2581 4027 3804 
	419 3805 2577 3806 1316 1548 1547 2504 1115 1116 2928 2316 1543 2929 1559 2920 2949 1147 2915 2931 
	1545 2930 2771 1009 995 3639 999 5242 
}
